1099 358
1000 1010 1
1000 1001 1
1001 1000 1
1001 1011 1
1001 1002 1
1002 1001 1
1002 1012 1
1002 1003 1
1003 1002 1
1003 1013 1
1003 1004 1
1004 1003 1
1004 1014 1
1004 1005 1
1005 1004 1
1005 1015 1
1005 1006 1
1006 1005 1
1006 1016 1
1006 1007 1
1007 1006 1
1007 1017 1
1007 1008 1
1008 1007 1
1008 1018 1
1008 1009 1
1009 1008 1
1009 1019 1
1010 1000 1
1010 1020 1
1010 1011 1
1011 1001 1
1011 1010 1
1011 1021 1
1011 1012 1
1012 1002 1
1012 1011 1
1012 1022 1
1012 1013 1
1013 1003 1
1013 1012 1
1013 1023 1
1013 1014 1
1014 1004 1
1014 1013 1
1014 1024 1
1014 1015 1
1015 1005 1
1015 1014 1
1015 1025 1
1015 1016 1
1016 1006 1
1016 1015 1
1016 1026 1
1016 1017 1
1017 1007 1
1017 1016 1
1017 1027 1
1017 1018 1
1018 1008 1
1018 1017 1
1018 1028 1
1018 1019 1
1019 1009 1
1019 1018 1
1019 1029 1
1020 1010 1
1020 1030 1
1020 1021 1
1021 1011 1
1021 1020 1
1021 1031 1
1021 1022 1
1022 1012 1
1022 1021 1
1022 1032 1
1022 1023 1
1023 1013 1
1023 1022 1
1023 1033 1
1023 1024 1
1024 1014 1
1024 1023 1
1024 1034 1
1024 1025 1
1025 1015 1
1025 1024 1
1025 1035 1
1025 1026 1
1026 1016 1
1026 1025 1
1026 1036 1
1026 1027 1
1027 1017 1
1027 1026 1
1027 1037 1
1027 1028 1
1028 1018 1
1028 1027 1
1028 1038 1
1028 1029 1
1029 1019 1
1029 1028 1
1029 1039 1
1030 1020 1
1030 1040 1
1030 1031 1
1031 1021 1
1031 1030 1
1031 1041 1
1031 1032 1
1032 1022 1
1032 1031 1
1032 1042 1
1032 1033 1
1033 1023 1
1033 1032 1
1033 1043 1
1033 1034 1
1034 1024 1
1034 1033 1
1034 1044 1
1034 1035 1
1035 1025 1
1035 1034 1
1035 1045 1
1035 1036 1
1036 1026 1
1036 1035 1
1036 1046 1
1036 1037 1
1037 1027 1
1037 1036 1
1037 1047 1
1037 1038 1
1038 1028 1
1038 1037 1
1038 1048 1
1038 1039 1
1039 1029 1
1039 1038 1
1039 1049 1
1040 1030 1
1040 1050 1
1040 1041 1
1041 1031 1
1041 1040 1
1041 1051 1
1041 1042 1
1042 1032 1
1042 1041 1
1042 1052 1
1042 1043 1
1043 1033 1
1043 1042 1
1043 1053 1
1043 1044 1
1044 1034 1
1044 1043 1
1044 1054 1
1044 1045 1
1045 1035 1
1045 1044 1
1045 1055 1
1045 1046 1
1046 1036 1
1046 1045 1
1046 1056 1
1046 1047 1
1047 1037 1
1047 1046 1
1047 1057 1
1047 1048 1
1048 1038 1
1048 1047 1
1048 1058 1
1048 1049 1
1049 1039 1
1049 1048 1
1049 1059 1
1050 1040 1
1050 1060 1
1050 1051 1
1051 1041 1
1051 1050 1
1051 1061 1
1051 1052 1
1052 1042 1
1052 1051 1
1052 1062 1
1052 1053 1
1053 1043 1
1053 1052 1
1053 1063 1
1053 1054 1
1054 1044 1
1054 1053 1
1054 1064 1
1054 1055 1
1055 1045 1
1055 1054 1
1055 1065 1
1055 1056 1
1056 1046 1
1056 1055 1
1056 1066 1
1056 1057 1
1057 1047 1
1057 1056 1
1057 1067 1
1057 1058 1
1058 1048 1
1058 1057 1
1058 1068 1
1058 1059 1
1059 1049 1
1059 1058 1
1059 1069 1
1060 1050 1
1060 1070 1
1060 1061 1
1061 1051 1
1061 1060 1
1061 1071 1
1061 1062 1
1062 1052 1
1062 1061 1
1062 1072 1
1062 1063 1
1063 1053 1
1063 1062 1
1063 1073 1
1063 1064 1
1064 1054 1
1064 1063 1
1064 1074 1
1064 1065 1
1065 1055 1
1065 1064 1
1065 1075 1
1065 1066 1
1066 1056 1
1066 1065 1
1066 1076 1
1066 1067 1
1067 1057 1
1067 1066 1
1067 1077 1
1067 1068 1
1068 1058 1
1068 1067 1
1068 1078 1
1068 1069 1
1069 1059 1
1069 1068 1
1069 1079 1
1070 1060 1
1070 1080 1
1070 1071 1
1071 1061 1
1071 1070 1
1071 1081 1
1071 1072 1
1072 1062 1
1072 1071 1
1072 1082 1
1072 1073 1
1073 1063 1
1073 1072 1
1073 1083 1
1073 1074 1
1074 1064 1
1074 1073 1
1074 1084 1
1074 1075 1
1075 1065 1
1075 1074 1
1075 1085 1
1075 1076 1
1076 1066 1
1076 1075 1
1076 1086 1
1076 1077 1
1077 1067 1
1077 1076 1
1077 1087 1
1077 1078 1
1078 1068 1
1078 1077 1
1078 1088 1
1078 1079 1
1079 1069 1
1079 1078 1
1079 1089 1
1080 1070 1
1080 1090 1
1080 1081 1
1081 1071 1
1081 1080 1
1081 1091 1
1081 1082 1
1082 1072 1
1082 1081 1
1082 1092 1
1082 1083 1
1083 1073 1
1083 1082 1
1083 1093 1
1083 1084 1
1084 1074 1
1084 1083 1
1084 1094 1
1084 1085 1
1085 1075 1
1085 1084 1
1085 1095 1
1085 1086 1
1086 1076 1
1086 1085 1
1086 1096 1
1086 1087 1
1087 1077 1
1087 1086 1
1087 1097 1
1087 1088 1
1088 1078 1
1088 1087 1
1088 1098 1
1088 1089 1
1089 1079 1
1089 1088 1
1089 1099 1
1090 1080 1
1090 1091 1
1091 1081 1
1091 1090 1
1091 1092 1
1092 1082 1
1092 1091 1
1092 1093 1
1093 1083 1
1093 1092 1
1093 1094 1
1094 1084 1
1094 1093 1
1094 1095 1
1095 1085 1
1095 1094 1
1095 1096 1
1096 1086 1
1096 1095 1
1096 1097 1
1097 1087 1
1097 1096 1
1097 1098 1
1098 1088 1
1098 1097 1
1098 1099 1
