25 300 1000
0 4 1 5 0 3 2 4 4 9 7 6 4 0 6 1 9 10 7 8 2 3 9 6 0
1 2 5
1 3 5
1 4 6
1 5 9
1 6 6
1 7 9
1 8 7
1 9 10
1 10 6
1 11 6
1 12 9
1 13 8
1 14 8
1 15 10
1 16 10
1 17 8
1 18 10
1 19 9
1 20 9
1 21 9
1 22 10
1 23 9
1 24 6
1 25 5
2 3 9
2 4 6
2 5 9
2 6 9
2 7 5
2 8 10
2 9 5
2 10 7
2 11 8
2 12 9
2 13 7
2 14 9
2 15 10
2 16 6
2 17 6
2 18 6
2 19 7
2 20 10
2 21 10
2 22 6
2 23 6
2 24 8
2 25 10
3 4 7
3 5 8
3 6 9
3 7 9
3 8 5
3 9 8
3 10 8
3 11 8
3 12 10
3 13 5
3 14 5
3 15 8
3 16 7
3 17 9
3 18 6
3 19 8
3 20 9
3 21 8
3 22 6
3 23 8
3 24 9
3 25 7
4 5 9
4 6 8
4 7 5
4 8 7
4 9 10
4 10 9
4 11 9
4 12 10
4 13 5
4 14 9
4 15 6
4 16 8
4 17 7
4 18 7
4 19 9
4 20 9
4 21 9
4 22 6
4 23 6
4 24 10
4 25 9
5 6 9
5 7 10
5 8 8
5 9 6
5 10 10
5 11 7
5 12 6
5 13 9
5 14 7
5 15 5
5 16 6
5 17 9
5 18 9
5 19 6
5 20 8
5 21 5
5 22 10
5 23 7
5 24 8
5 25 8
6 7 9
6 8 6
6 9 9
6 10 10
6 11 8
6 12 7
6 13 9
6 14 10
6 15 9
6 16 8
6 17 9
6 18 8
6 19 7
6 20 5
6 21 10
6 22 7
6 23 10
6 24 9
6 25 6
7 8 6
7 9 6
7 10 5
7 11 8
7 12 7
7 13 6
7 14 6
7 15 8
7 16 7
7 17 9
7 18 6
7 19 8
7 20 5
7 21 8
7 22 8
7 23 5
7 24 9
7 25 8
8 9 7
8 10 5
8 11 10
8 12 9
8 13 10
8 14 9
8 15 5
8 16 6
8 17 6
8 18 9
8 19 10
8 20 9
8 21 7
8 22 8
8 23 5
8 24 6
8 25 10
9 10 7
9 11 5
9 12 9
9 13 10
9 14 10
9 15 8
9 16 10
9 17 10
9 18 5
9 19 8
9 20 9
9 21 8
9 22 9
9 23 8
9 24 8
9 25 5
10 11 10
10 12 5
10 13 9
10 14 8
10 15 5
10 16 5
10 17 8
10 18 8
10 19 10
10 20 9
10 21 7
10 22 9
10 23 9
10 24 9
10 25 9
11 12 5
11 13 10
11 14 5
11 15 7
11 16 6
11 17 5
11 18 8
11 19 8
11 20 10
11 21 9
11 22 8
11 23 5
11 24 8
11 25 9
12 13 7
12 14 6
12 15 6
12 16 6
12 17 8
12 18 7
12 19 9
12 20 7
12 21 10
12 22 10
12 23 6
12 24 10
12 25 10
13 14 7
13 15 7
13 16 5
13 17 9
13 18 7
13 19 5
13 20 7
13 21 6
13 22 9
13 23 6
13 24 9
13 25 6
14 15 7
14 16 5
14 17 5
14 18 10
14 19 6
14 20 7
14 21 9
14 22 9
14 23 7
14 24 10
14 25 9
15 16 7
15 17 9
15 18 10
15 19 5
15 20 5
15 21 9
15 22 8
15 23 5
15 24 10
15 25 10
16 17 5
16 18 9
16 19 8
16 20 9
16 21 5
16 22 6
16 23 7
16 24 8
16 25 5
17 18 6
17 19 7
17 20 7
17 21 7
17 22 8
17 23 5
17 24 6
17 25 6
18 19 6
18 20 6
18 21 8
18 22 8
18 23 8
18 24 8
18 25 8
19 20 6
19 21 6
19 22 8
19 23 7
19 24 8
19 25 8
20 21 5
20 22 6
20 23 10
20 24 8
20 25 6
21 22 10
21 23 8
21 24 7
21 25 8
22 23 5
22 24 9
22 25 9
23 24 10
23 25 5
24 25 5
