26 300 1000
0 2 10 9 5 2 8 8 1 9 4 3 7 9 0 1 1 8 10 9 6 10 5 8 1 0
1 2 9
1 3 8
1 4 10
1 5 10
1 6 10
1 7 8
1 8 5
1 9 8
1 10 8
1 11 5
1 12 9
1 14 9
1 15 8
1 16 6
1 17 9
1 18 5
1 19 6
1 20 8
1 21 7
1 22 10
1 23 10
1 25 9
1 26 9
2 3 10
2 4 9
2 5 8
2 6 6
2 7 8
2 8 5
2 10 10
2 11 10
2 12 5
2 13 6
2 14 5
2 15 6
2 16 8
2 17 5
2 19 6
2 20 6
2 21 7
2 22 9
2 23 10
2 24 8
2 25 6
2 26 6
3 4 5
3 5 9
3 6 7
3 7 7
3 9 8
3 10 9
3 11 7
3 12 10
3 14 5
3 15 10
3 16 9
3 17 8
3 18 7
3 19 7
3 20 6
3 21 5
3 22 7
3 23 10
3 24 5
3 25 10
3 26 9
4 8 10
4 9 5
4 10 8
4 11 5
4 13 10
4 14 8
4 15 10
4 17 5
4 18 10
4 19 10
4 20 9
4 21 7
4 22 10
4 23 10
4 24 6
4 25 8
4 26 9
5 7 8
5 8 10
5 9 10
5 10 5
5 11 8
5 12 7
5 13 10
5 14 10
5 15 9
5 16 10
5 18 10
5 19 6
5 21 10
5 22 7
5 23 8
5 24 10
5 25 8
6 8 8
6 9 9
6 10 9
6 11 7
6 12 7
6 13 6
6 15 7
6 16 5
6 17 7
6 18 6
6 19 7
6 20 7
6 21 10
6 22 9
6 23 9
6 24 7
6 25 10
6 26 8
7 8 10
7 9 9
7 10 6
7 11 10
7 12 8
7 13 10
7 14 7
7 15 9
7 16 9
7 17 6
7 18 7
7 19 5
7 21 6
7 22 6
7 23 5
7 24 7
7 25 9
7 26 5
8 9 8
8 10 7
8 11 10
8 12 9
8 13 6
8 14 6
8 15 6
8 16 6
8 17 7
8 18 9
8 19 7
8 20 7
8 21 8
8 22 9
8 23 9
8 24 6
8 26 7
9 10 9
9 11 9
9 12 10
9 13 5
9 14 5
9 16 5
9 17 7
9 18 5
9 19 7
9 20 6
9 21 10
9 22 5
9 23 10
9 24 5
9 25 8
10 12 10
10 13 8
10 14 6
10 15 7
10 16 7
10 17 8
10 18 5
10 20 7
10 21 5
10 22 7
10 23 6
10 24 5
10 25 5
10 26 5
11 12 10
11 13 7
11 14 10
11 15 7
11 16 9
11 17 9
11 18 7
11 19 8
11 20 5
11 21 8
11 22 8
11 23 10
11 24 6
11 25 9
11 26 9
12 13 6
12 14 6
12 15 10
12 16 9
12 17 10
12 18 9
12 19 7
12 20 5
12 21 9
12 22 10
12 23 6
12 24 7
12 25 6
12 26 7
13 14 9
13 15 5
13 16 5
13 17 7
13 18 9
13 19 10
13 20 5
13 21 5
13 22 6
13 24 9
13 25 9
13 26 10
14 15 8
14 16 6
14 17 6
14 18 9
14 19 5
14 20 10
14 21 5
14 22 6
14 23 8
14 24 6
14 25 7
15 16 9
15 17 6
15 18 6
15 19 7
15 20 5
15 21 9
15 22 8
15 23 8
15 24 6
15 25 9
15 26 7
16 17 8
16 18 6
16 19 10
16 20 7
16 21 8
16 22 10
16 23 7
16 24 7
16 25 10
16 26 10
17 18 9
17 19 8
17 20 6
17 21 5
17 22 7
17 23 8
17 24 6
17 25 5
17 26 5
18 19 10
18 20 10
18 21 8
18 22 5
18 23 7
18 24 7
18 25 10
18 26 10
19 20 10
19 21 9
19 22 5
19 23 8
19 24 10
19 25 8
19 26 8
20 21 9
20 22 5
20 23 8
20 24 8
20 25 10
20 26 10
21 22 6
21 23 9
21 24 5
21 25 8
21 26 9
22 23 10
22 24 6
22 25 7
22 26 10
23 24 8
23 25 9
23 26 9
24 25 9
24 26 5
25 26 7
