28 101 293
0 5 8 4 8 4 4 3 2 6 10 6 8 0 7 2 6 7 3 8 2 6 0 9 6 8 3 0
1 3 14
1 4 33
1 5 14
1 6 51
1 9 8
1 12 77
1 15 21
1 20 91
1 22 54
2 3 93
2 7 31
2 15 27
2 20 19
3 8 92
3 12 82
3 14 23
3 16 47
3 19 74
4 19 37
5 8 10
5 14 11
5 19 58
5 20 37
5 21 96
6 8 94
6 12 20
6 18 52
6 21 91
6 22 51
6 24 20
6 28 37
7 28 49
8 10 41
8 13 73
8 14 66
8 28 44
9 14 81
9 19 87
9 22 70
10 18 41
10 20 84
10 21 53
10 27 68
10 28 58
11 17 43
11 18 48
11 23 94
11 25 100
12 16 37
12 19 70
12 24 78
12 26 65
13 22 68
13 23 44
13 24 96
13 25 32
13 26 32
14 18 73
14 22 54
14 26 64
14 27 34
15 17 57
15 18 35
15 19 24
15 20 74
15 27 74
16 18 81
16 22 18
16 24 74
16 28 98
17 18 91
17 19 76
17 21 73
17 22 23
17 25 83
17 28 22
18 20 66
18 23 21
18 25 61
18 27 86
18 28 66
19 20 60
19 21 82
19 22 39
20 23 77
20 24 64
20 26 95
20 27 53
20 28 57
21 26 71
21 28 35
22 25 34
23 24 17
24 25 46
24 26 84
24 28 69
25 26 83
25 27 5
25 28 27
26 27 70
27 28 83
