17 60 46
0 1 4 9 7 1 1 6 8 0 1 0 8 4 1 1 0
1 2 31
1 5 97
1 11 58
1 12 29
1 14 39
1 15 31
2 6 65
2 7 38
2 8 57
2 10 20
2 14 14
3 4 13
3 5 59
3 7 100
3 13 48
3 14 50
4 5 100
4 7 73
4 8 41
4 9 72
4 17 33
5 8 80
5 9 81
5 11 23
5 16 20
6 8 28
6 10 49
6 11 60
6 12 80
6 13 66
6 15 42
6 16 68
6 17 63
7 10 12
7 12 44
7 15 52
7 16 60
7 17 23
8 11 95
8 14 68
8 17 89
9 10 20
9 16 29
9 17 95
10 11 26
10 13 42
10 14 21
10 15 100
11 12 24
11 15 18
11 16 42
12 17 8
13 14 96
13 15 58
13 16 82
14 15 18
14 16 81
15 16 67
15 17 88
16 17 30
