27 78 297
0 6 1 1 5 7 4 9 7 3 5 2 5 9 10 4 2 3 10 3 4 3 10 7 2 2 0
1 15 59
2 5 100
2 6 99
2 11 32
2 24 18
2 26 92
3 9 50
3 14 10
3 24 97
3 26 97
4 15 100
4 23 48
5 13 60
5 20 86
5 21 55
5 23 81
5 24 8
5 25 21
6 7 25
6 13 62
6 15 32
6 19 39
6 24 17
6 26 28
7 8 84
7 11 13
7 19 23
7 24 69
7 25 37
7 26 59
8 12 56
8 18 39
8 22 43
9 11 87
9 12 83
9 17 67
9 18 79
9 21 62
10 13 94
10 17 47
11 12 17
11 17 64
11 18 65
11 20 53
11 27 99
12 19 63
12 23 25
13 15 82
13 19 75
14 16 84
14 19 23
15 17 88
15 24 5
15 26 42
15 27 63
16 18 44
16 19 63
16 26 65
17 22 42
17 25 40
18 25 92
18 26 76
19 21 36
19 24 90
20 26 18
21 22 51
21 23 46
21 24 99
22 23 76
22 26 18
23 24 93
23 25 90
23 26 40
24 25 24
24 26 89
24 27 7
25 27 25
26 27 73
