13 72 152
0 3 8 8 1 3 10 8 4 3 9 10 0
1 2 100
1 4 63
1 5 50
1 6 70
1 7 46
1 8 21
1 9 68
1 10 20
1 13 100
2 3 81
2 4 89
2 6 87
2 7 57
2 8 95
2 9 94
2 10 70
2 11 53
2 12 96
2 13 22
3 4 44
3 5 52
3 6 8
3 7 54
3 8 7
3 9 6
3 10 97
3 11 39
3 12 43
3 13 77
4 5 71
4 6 8
4 7 61
4 8 97
4 9 75
4 10 74
4 11 25
4 12 79
4 13 81
5 6 50
5 7 77
5 8 86
5 9 17
5 11 26
5 12 27
5 13 41
6 7 89
6 8 79
6 9 59
6 10 16
6 11 9
6 12 20
6 13 54
7 8 38
7 9 21
7 11 31
7 12 76
7 13 60
8 9 39
8 10 55
8 11 15
8 12 21
8 13 27
9 10 92
9 11 70
9 12 40
9 13 66
10 11 63
10 12 75
10 13 66
11 12 31
11 13 69
12 13 13
