18 128 752
0 8 1 3 4 4 8 7 6 6 1 7 0 10 2 3 1 0
1 2 46
1 4 95
1 5 63
1 6 47
1 7 12
1 8 93
1 9 36
1 10 50
1 11 7
1 12 10
1 14 58
1 16 40
1 18 27
2 6 10
2 7 53
2 8 62
2 9 85
2 10 52
2 11 92
2 12 84
2 14 86
2 15 81
2 17 74
2 18 62
3 4 19
3 5 65
3 6 48
3 8 6
3 9 24
3 10 21
3 11 80
3 12 71
3 13 96
3 14 54
3 15 99
3 16 52
4 6 63
4 7 61
4 8 53
4 9 79
4 12 89
4 14 25
4 15 36
4 16 82
4 18 8
5 6 12
5 7 36
5 8 10
5 9 25
5 10 78
5 11 93
5 12 86
5 13 79
5 14 73
5 15 75
5 16 12
6 7 63
6 8 91
6 9 62
6 10 53
6 11 51
6 12 87
6 13 24
6 14 76
6 15 39
6 16 68
6 17 17
6 18 36
7 8 47
7 9 60
7 10 22
7 11 63
7 12 47
7 13 79
7 14 38
7 15 23
7 16 97
7 17 30
8 9 84
8 10 24
8 11 51
8 12 96
8 13 40
8 14 68
8 15 70
8 16 32
8 17 94
8 18 78
9 10 48
9 11 92
9 13 5
9 14 95
9 16 59
9 17 8
10 11 32
10 12 85
10 13 100
10 14 9
10 15 9
10 16 95
10 17 61
10 18 59
11 12 73
11 14 98
11 15 11
11 16 76
11 17 34
11 18 23
12 14 72
12 15 62
12 16 69
12 17 74
12 18 98
13 14 41
13 15 92
13 16 61
13 17 90
13 18 54
14 15 97
14 16 67
14 17 39
14 18 5
15 16 37
15 17 37
15 18 16
16 17 72
16 18 74
17 18 96
