20 159 25
0 10 10 9 3 5 4 9 4 8 6 9 9 9 5 8 10 6 5 0
1 2 62
1 3 77
1 4 39
1 5 49
1 6 52
1 7 55
1 8 30
1 9 60
1 10 99
1 12 31
1 13 20
1 16 58
1 19 13
1 20 47
2 3 38
2 4 33
2 5 73
2 6 69
2 8 35
2 9 57
2 11 63
2 15 21
2 16 16
2 18 64
2 19 45
2 20 100
3 4 66
3 5 100
3 6 69
3 8 46
3 9 7
3 10 44
3 14 76
3 15 64
3 16 62
3 17 48
3 18 93
3 19 94
3 20 90
4 5 92
4 6 100
4 9 31
4 10 35
4 11 49
4 13 36
4 14 12
4 15 20
4 16 68
4 17 17
4 18 37
4 20 30
5 6 30
5 8 23
5 10 27
5 11 36
5 12 26
5 16 81
5 17 87
5 18 61
5 19 9
5 20 18
6 7 18
6 8 22
6 9 49
6 10 32
6 11 27
6 13 77
6 14 74
6 15 51
6 17 84
6 18 87
6 19 96
6 20 59
7 8 53
7 9 58
7 10 84
7 11 24
7 12 8
7 13 20
7 14 91
7 15 95
7 16 43
7 17 82
7 18 93
7 20 60
8 9 17
8 11 90
8 12 87
8 13 10
8 14 33
8 15 98
8 16 26
8 17 61
8 18 86
8 19 22
9 10 73
9 11 56
9 12 93
9 13 22
9 14 31
9 15 87
9 16 90
9 17 85
9 18 7
10 11 7
10 12 99
10 13 27
10 14 98
10 15 9
10 16 35
10 17 100
10 18 5
10 19 83
10 20 89
11 12 95
11 13 88
11 14 14
11 15 54
11 16 49
11 17 56
11 18 57
11 19 35
11 20 79
12 13 53
12 14 68
12 15 24
12 16 71
12 17 85
12 18 86
12 19 38
12 20 24
13 14 47
13 15 8
13 16 47
13 17 84
13 18 49
13 19 40
13 20 40
14 15 69
14 16 27
14 17 55
14 18 30
14 19 38
14 20 34
15 16 11
15 17 14
15 18 6
15 19 14
15 20 78
16 17 75
16 18 41
16 19 92
16 20 61
17 18 27
17 19 6
17 20 28
18 19 41
18 20 27
19 20 9
