28 104 252
0 2 0 7 4 9 8 9 10 7 1 7 8 6 10 8 5 1 7 0 3 3 3 1 0 1 9 0
1 6 34
1 8 74
1 9 36
1 14 77
1 15 75
1 28 64
2 5 55
2 8 60
2 9 87
2 18 43
2 23 32
3 5 33
3 12 95
3 17 76
3 20 17
3 25 10
4 13 49
4 20 59
4 21 18
4 25 55
5 6 78
5 8 97
5 11 94
5 16 60
5 20 76
5 22 62
6 9 38
6 18 99
6 20 52
6 23 36
6 26 44
7 19 72
7 20 37
7 21 89
7 24 42
7 25 91
8 15 48
8 23 25
8 24 41
8 25 33
9 16 58
9 25 50
10 11 42
10 15 84
10 20 61
10 22 39
10 26 65
10 28 62
11 12 38
11 21 78
11 22 20
11 25 98
11 28 25
12 18 82
12 19 96
12 22 19
12 24 73
13 23 49
13 25 21
13 26 59
14 16 96
14 17 94
14 26 53
15 18 54
15 22 93
15 24 32
15 25 89
16 17 20
16 24 81
16 27 50
17 28 12
18 19 90
18 20 65
18 23 33
18 24 13
18 25 65
18 28 7
19 20 81
19 21 82
19 26 54
19 27 49
19 28 57
20 22 64
20 25 25
20 26 96
21 22 66
21 23 52
21 24 30
21 27 75
22 23 75
22 24 29
22 25 15
22 26 57
22 28 8
23 24 31
23 26 71
23 28 74
24 26 95
25 26 17
25 27 24
25 28 15
26 27 73
26 28 96
27 28 70
