13 71 343
0 1 9 4 6 10 0 10 3 2 0 9 0
1 2 71
1 3 92
1 4 37
1 5 93
1 7 9
1 8 91
1 10 51
1 11 97
1 12 22
1 13 12
2 3 39
2 4 64
2 6 23
2 8 95
2 9 100
2 10 23
2 11 75
2 12 92
2 13 97
3 4 87
3 5 66
3 6 29
3 9 74
3 10 100
3 11 67
3 12 82
3 13 63
4 5 22
4 6 39
4 7 91
4 8 51
4 9 27
4 10 59
4 11 18
4 13 78
5 6 83
5 7 66
5 8 63
5 9 76
5 10 19
5 11 17
5 12 65
5 13 92
6 7 99
6 8 18
6 9 12
6 10 34
6 11 64
6 12 33
6 13 69
7 8 22
7 9 26
7 10 18
7 11 8
7 12 99
7 13 87
8 9 41
8 10 35
8 11 8
8 12 78
8 13 96
9 10 88
9 11 90
9 12 77
9 13 69
10 11 31
10 12 96
10 13 84
11 12 89
11 13 97
12 13 54
