28 280 343
0 3 9 10 9 5 5 0 0 0 2 4 5 4 9 5 8 10 9 3 7 0 9 8 3 7 2 0
1 3 13
1 4 21
1 5 21
1 6 13
1 7 20
1 11 89
1 14 80
1 16 68
1 18 76
1 19 42
1 20 33
1 21 75
1 23 78
1 24 66
1 25 76
1 26 21
2 3 70
2 4 15
2 6 7
2 9 11
2 10 21
2 14 82
2 17 30
2 18 7
2 19 48
2 22 97
2 23 45
2 25 89
3 4 95
3 6 37
3 7 9
3 9 70
3 11 95
3 12 29
3 13 24
3 17 99
3 18 33
3 19 58
3 22 20
3 24 30
3 25 72
3 26 33
3 27 11
4 5 22
4 7 47
4 8 12
4 10 98
4 11 30
4 13 97
4 15 9
4 16 78
4 18 30
4 19 31
4 21 89
4 23 57
4 24 50
4 25 62
4 27 18
4 28 99
5 7 73
5 8 38
5 9 30
5 10 94
5 12 7
5 13 20
5 15 58
5 16 49
5 17 67
5 18 88
5 19 88
5 21 87
5 24 74
5 25 24
5 26 29
5 27 61
5 28 26
6 7 12
6 9 35
6 10 71
6 12 40
6 13 64
6 15 56
6 16 11
6 19 91
6 20 85
6 22 94
6 24 52
6 25 46
6 27 63
6 28 41
7 11 32
7 12 82
7 13 8
7 14 68
7 15 99
7 16 41
7 17 44
7 19 44
7 22 34
7 25 76
7 26 60
7 27 51
7 28 89
8 9 38
8 10 27
8 11 94
8 12 54
8 13 55
8 15 100
8 16 8
8 17 27
8 18 51
8 19 33
8 20 29
8 21 31
8 23 64
8 24 85
8 25 64
8 26 46
9 11 59
9 12 84
9 14 69
9 16 37
9 17 84
9 18 6
9 19 23
9 20 23
9 21 45
9 22 39
9 24 83
9 26 42
9 27 31
9 28 10
10 11 76
10 12 59
10 13 20
10 14 81
10 15 69
10 16 54
10 17 78
10 18 87
10 19 26
10 20 30
10 21 63
10 22 6
10 23 55
10 24 11
10 26 15
10 27 33
10 28 63
11 12 71
11 13 90
11 14 28
11 15 6
11 16 16
11 17 47
11 18 30
11 21 24
11 22 58
11 23 18
11 26 6
12 13 80
12 14 10
12 15 90
12 16 99
12 17 65
12 18 91
12 19 52
12 21 59
12 22 49
12 23 93
12 25 62
12 26 37
12 27 25
12 28 17
13 14 13
13 15 15
13 16 38
13 17 14
13 18 39
13 19 88
13 20 59
13 21 64
13 22 42
13 24 23
13 25 77
13 26 35
13 28 67
14 15 18
14 16 37
14 18 44
14 19 88
14 20 40
14 21 66
14 22 33
14 23 63
14 25 8
14 26 52
14 27 92
14 28 100
15 16 87
15 17 66
15 18 43
15 19 39
15 20 15
15 21 69
15 23 83
15 26 60
15 27 58
16 18 75
16 19 9
16 20 41
16 21 91
16 22 21
16 23 55
16 24 11
16 25 5
16 26 25
16 27 61
16 28 17
17 19 98
17 21 32
17 22 78
17 23 31
17 24 13
17 25 73
17 26 79
17 28 45
18 19 88
18 20 5
18 21 59
18 22 70
18 23 71
18 24 89
18 25 65
18 26 42
18 27 19
18 28 31
19 20 36
19 21 44
19 22 73
19 23 5
19 25 58
19 26 84
19 27 8
19 28 44
20 21 78
20 23 29
20 24 7
20 25 42
20 26 95
20 27 88
20 28 12
21 22 73
21 23 30
21 24 8
21 25 53
21 26 69
21 27 52
21 28 100
22 23 19
22 24 18
22 25 58
22 26 89
22 27 75
22 28 20
23 25 62
23 26 5
23 27 20
23 28 70
24 25 5
24 26 61
24 27 27
24 28 84
25 26 67
25 27 72
25 28 65
26 27 32
26 28 37
27 28 33
