17 101 203
0 1 1 4 7 5 2 4 7 7 1 6 5 0 3 10 0
1 2 54
1 3 65
1 4 100
1 5 98
1 7 85
1 9 29
1 11 83
1 12 88
1 13 90
1 15 9
2 3 74
2 5 15
2 6 93
2 9 69
2 13 28
2 14 21
2 15 46
2 16 10
2 17 81
3 5 74
3 6 13
3 7 66
3 11 5
3 13 98
3 16 15
4 5 44
4 6 39
4 7 71
4 8 96
4 9 25
4 13 91
4 15 21
4 17 27
5 6 18
5 8 25
5 9 61
5 10 20
5 12 15
5 13 43
5 14 98
5 15 79
5 16 65
5 17 51
6 7 30
6 8 5
6 9 41
6 10 34
6 11 62
6 14 6
6 15 31
6 16 34
6 17 66
7 8 18
7 9 44
7 10 14
7 11 63
7 12 31
7 15 80
7 16 21
7 17 60
8 9 22
8 10 29
8 11 90
8 12 24
8 13 54
8 15 25
8 16 22
8 17 66
9 10 80
9 11 96
9 12 85
9 13 32
9 15 73
9 17 32
10 11 21
10 12 9
10 13 91
10 14 60
10 15 42
10 16 75
10 17 84
11 12 74
11 13 29
11 14 69
11 16 21
11 17 85
12 13 72
12 14 78
12 15 20
12 16 27
12 17 27
13 14 45
13 15 90
13 16 47
13 17 59
14 15 30
14 16 6
14 17 56
15 16 29
15 17 51
16 17 73
