27 117 832
0 10 0 5 0 6 3 8 5 3 9 9 8 1 2 7 9 6 1 1 0 1 8 4 1 7 0
1 6 29
1 10 52
1 11 19
1 16 33
1 17 37
1 24 33
1 27 65
2 7 100
2 9 77
2 18 66
2 24 91
2 27 50
3 4 26
3 6 59
3 8 46
3 10 42
3 12 35
3 14 70
3 22 30
4 7 98
4 10 85
4 12 49
4 20 97
4 21 95
4 26 18
5 8 29
5 11 66
5 14 93
5 15 13
5 16 64
5 17 64
5 18 45
5 21 79
5 23 100
5 26 12
5 27 18
6 9 54
6 11 6
6 12 14
6 14 67
6 18 17
6 22 88
7 17 65
7 18 13
7 27 37
8 9 63
8 10 19
8 11 14
8 12 11
8 13 53
8 14 70
8 15 27
8 18 79
8 19 40
8 21 18
8 23 59
8 25 82
8 26 57
9 13 32
9 16 9
9 18 74
9 23 95
10 11 16
10 12 85
10 14 93
10 19 97
10 27 52
11 13 100
11 17 41
11 24 32
12 14 83
12 18 76
12 21 63
13 25 10
13 27 71
14 15 89
14 18 67
15 16 72
15 17 31
15 21 75
15 22 78
16 17 17
16 18 94
16 19 85
16 21 76
16 25 84
16 27 90
17 21 96
17 24 31
17 25 83
17 26 62
18 19 70
18 27 26
19 20 98
19 21 8
19 23 23
19 24 70
19 26 44
20 21 43
20 23 23
20 25 96
20 26 46
21 23 47
21 24 94
21 27 57
22 24 26
22 25 76
22 26 23
22 27 21
23 25 54
23 26 83
23 27 65
24 25 77
24 26 59
24 27 37
25 26 49
26 27 45
