14 63 970
0 8 10 1 8 10 5 10 5 8 3 1 4 0
1 2 87
1 3 36
1 4 76
1 7 32
1 8 22
1 9 41
1 10 33
1 12 80
2 3 80
2 5 30
2 6 13
2 7 5
2 12 98
2 13 56
3 5 7
3 6 92
3 7 27
3 10 95
3 11 86
3 14 73
4 6 95
4 8 80
4 10 27
4 12 17
4 13 5
4 14 60
5 6 100
5 7 79
5 8 90
5 9 39
5 10 90
5 11 50
5 12 61
5 13 73
5 14 52
6 8 93
6 9 96
6 10 80
6 11 97
6 12 7
7 8 13
7 10 92
7 13 67
7 14 89
8 9 31
8 10 34
8 11 78
8 12 18
8 13 5
9 10 74
9 11 77
9 12 38
9 14 98
10 11 49
10 12 94
10 13 59
10 14 15
11 12 72
11 13 49
11 14 10
12 13 56
12 14 19
13 14 76
