23 251 336
0 9 2 4 6 2 2 10 1 0 4 4 6 5 8 8 5 10 4 5 10 9 0
1 2 9
1 3 60
1 4 83
1 5 7
1 7 97
1 8 69
1 9 74
1 10 62
1 11 51
1 12 73
1 13 68
1 14 65
1 15 56
1 16 23
1 17 21
1 18 74
1 19 28
1 20 84
1 21 65
1 22 39
1 23 93
2 3 58
2 4 34
2 5 29
2 6 15
2 7 51
2 8 5
2 9 65
2 10 58
2 11 98
2 12 45
2 13 93
2 14 90
2 15 90
2 17 79
2 18 49
2 19 95
2 20 69
2 21 53
2 22 16
2 23 75
3 4 30
3 5 60
3 6 31
3 7 87
3 8 87
3 9 21
3 10 89
3 11 45
3 12 20
3 13 71
3 14 45
3 15 15
3 16 46
3 17 43
3 18 62
3 19 79
3 20 50
3 21 47
3 22 66
3 23 21
4 5 31
4 6 84
4 7 100
4 8 61
4 9 44
4 10 16
4 11 99
4 12 22
4 13 63
4 14 77
4 15 16
4 16 68
4 17 86
4 18 8
4 19 84
4 20 62
4 21 66
4 22 19
4 23 7
5 6 48
5 7 8
5 8 51
5 9 58
5 10 91
5 11 94
5 12 66
5 13 47
5 14 16
5 15 20
5 16 78
5 17 59
5 18 57
5 19 8
5 20 24
5 21 43
5 22 48
5 23 80
6 7 87
6 8 27
6 9 38
6 10 53
6 11 50
6 12 64
6 13 93
6 14 82
6 15 10
6 16 32
6 17 78
6 18 25
6 19 77
6 20 85
6 21 69
6 22 46
6 23 68
7 8 78
7 9 64
7 10 10
7 11 38
7 12 14
7 13 83
7 14 57
7 15 34
7 16 11
7 17 38
7 18 92
7 19 26
7 20 80
7 21 53
7 22 8
7 23 66
8 9 59
8 10 16
8 11 38
8 12 69
8 13 96
8 14 89
8 15 17
8 16 32
8 17 100
8 18 8
8 19 91
8 20 5
8 21 66
8 22 42
8 23 40
9 10 58
9 11 10
9 12 30
9 13 48
9 14 56
9 15 29
9 16 55
9 17 34
9 18 12
9 19 83
9 20 29
9 21 92
9 22 88
9 23 21
10 11 75
10 12 84
10 13 19
10 14 98
10 15 50
10 16 50
10 17 5
10 18 78
10 19 21
10 20 83
10 21 45
10 22 95
10 23 11
11 12 40
11 13 27
11 14 47
11 15 65
11 16 53
11 17 85
11 18 77
11 19 21
11 20 18
11 21 54
11 22 27
11 23 92
12 13 45
12 14 75
12 15 81
12 16 60
12 17 38
12 18 84
12 19 25
12 20 51
12 21 18
12 22 73
12 23 81
13 14 46
13 15 57
13 16 50
13 17 44
13 18 51
13 19 56
13 20 46
13 21 17
13 22 56
13 23 64
14 15 45
14 16 26
14 17 9
14 18 53
14 19 54
14 20 87
14 21 70
14 22 47
14 23 66
15 16 73
15 17 34
15 18 92
15 19 95
15 20 71
15 21 37
15 22 28
15 23 14
16 17 60
16 18 75
16 19 68
16 20 68
16 21 7
16 22 68
16 23 28
17 18 77
17 19 89
17 20 18
17 21 33
17 22 37
17 23 91
18 19 45
18 20 100
18 21 29
18 22 37
18 23 66
19 20 72
19 21 60
19 22 40
19 23 80
20 21 8
20 22 59
20 23 69
21 22 10
21 23 79
22 23 72
