27 159 81
0 3 10 9 1 4 2 4 8 0 3 2 6 3 0 10 7 6 4 8 5 6 8 10 5 5 0
1 3 10
1 5 73
1 7 54
1 9 57
1 15 56
1 16 21
1 18 75
1 21 28
1 24 54
2 4 12
2 5 65
2 7 82
2 8 68
2 9 32
2 17 97
2 20 99
2 22 52
2 27 84
3 6 72
3 8 78
3 9 45
3 10 64
3 13 39
3 14 67
3 15 73
3 17 14
3 20 66
3 22 9
4 7 55
4 8 96
4 10 18
4 11 25
4 17 89
4 19 7
4 20 67
4 23 64
4 24 71
4 25 45
5 7 54
5 9 65
5 12 11
5 14 45
5 15 96
5 23 17
5 26 35
6 7 53
6 12 73
6 15 26
6 17 99
6 22 75
6 25 47
6 26 24
6 27 80
7 11 69
7 12 96
7 14 95
7 18 5
7 19 47
7 21 67
7 23 19
7 24 50
7 26 73
8 10 80
8 11 78
8 18 88
8 22 71
8 23 83
8 27 29
9 12 46
9 13 79
9 15 13
9 16 67
9 19 31
9 20 94
9 21 51
9 22 21
9 23 74
9 24 100
9 25 13
9 26 29
10 13 97
10 17 67
10 18 24
10 22 24
10 23 74
10 27 52
11 13 5
11 16 55
11 19 97
11 23 66
11 27 88
12 15 34
12 17 20
12 18 12
12 21 41
12 22 48
12 23 5
12 24 7
12 26 70
13 14 48
13 15 12
13 18 90
13 19 15
13 22 35
13 24 19
13 25 33
13 26 57
13 27 31
14 16 56
14 17 75
14 21 44
15 16 14
15 17 46
15 20 28
15 21 69
15 22 77
15 24 60
15 25 76
15 27 21
16 18 14
16 23 28
16 27 37
17 18 63
17 19 54
17 20 29
17 22 72
17 24 94
17 25 95
17 26 66
17 27 41
18 21 61
18 22 87
18 23 97
18 25 79
18 26 29
18 27 64
19 22 37
19 25 21
19 27 82
20 23 78
20 26 13
20 27 12
21 23 38
21 26 76
21 27 75
22 23 23
22 24 21
22 25 87
22 26 37
22 27 45
23 24 16
23 25 97
23 26 55
23 27 58
24 25 90
24 26 47
24 27 78
25 26 62
26 27 14
