18 134 952
0 5 6 5 0 7 4 1 6 5 0 2 9 0 0 5 3 0
1 3 40
1 5 26
1 6 52
1 7 43
1 9 35
1 10 97
1 11 33
1 12 32
1 13 51
1 14 61
1 15 47
1 18 13
2 3 46
2 4 24
2 5 63
2 6 83
2 7 95
2 10 77
2 11 6
2 12 8
2 13 100
2 14 74
2 15 77
2 16 85
2 17 48
3 4 85
3 5 15
3 8 89
3 9 42
3 10 100
3 11 93
3 13 68
3 14 13
3 15 67
3 16 29
3 17 93
3 18 70
4 5 82
4 6 71
4 7 61
4 8 25
4 9 5
4 11 7
4 12 82
4 13 61
4 14 66
4 15 94
4 16 61
4 17 27
5 6 70
5 7 97
5 8 20
5 9 83
5 11 33
5 12 88
5 13 32
5 14 22
5 15 21
5 16 96
5 17 32
5 18 77
6 7 59
6 8 10
6 9 69
6 10 49
6 11 93
6 12 58
6 13 20
6 15 49
6 17 93
6 18 72
7 8 39
7 9 15
7 10 13
7 11 34
7 12 12
7 13 67
7 14 21
7 15 72
7 16 68
7 18 54
8 9 81
8 10 79
8 11 5
8 12 8
8 13 80
8 14 63
8 15 89
8 16 12
8 17 86
8 18 53
9 10 61
9 11 39
9 12 26
9 13 66
9 14 67
9 15 84
9 17 9
9 18 9
10 11 80
10 12 34
10 13 33
10 14 69
10 15 63
10 16 52
10 17 87
10 18 33
11 12 60
11 13 32
11 14 18
11 15 30
11 16 73
11 17 49
11 18 77
12 13 80
12 15 28
12 16 6
12 17 25
12 18 97
13 14 95
13 15 48
13 16 24
13 17 77
13 18 47
14 15 24
14 16 68
14 17 37
14 18 30
15 16 22
15 17 6
15 18 76
16 17 82
16 18 59
17 18 63
