26 200 609
0 8 1 10 10 1 2 3 0 4 4 8 5 7 8 8 2 10 4 10 7 5 8 8 3 0
1 3 43
1 4 38
1 9 50
1 10 56
1 11 50
1 12 62
1 14 62
1 17 91
1 19 77
1 22 8
1 25 12
1 26 68
2 3 53
2 9 47
2 13 96
2 14 23
2 15 57
2 17 82
2 18 50
2 20 14
2 22 27
2 24 6
2 25 16
3 4 55
3 5 19
3 6 18
3 7 27
3 11 51
3 12 75
3 14 50
3 15 5
3 16 57
3 22 97
3 23 21
3 24 89
4 5 48
4 6 72
4 9 31
4 11 19
4 13 56
4 14 7
4 16 40
4 24 36
4 25 98
4 26 56
5 6 58
5 10 80
5 11 51
5 12 10
5 13 54
5 14 47
5 15 38
5 17 64
5 18 16
5 19 47
5 21 39
5 25 16
6 8 47
6 9 16
6 10 24
6 12 69
6 13 78
6 14 39
6 16 79
6 17 30
6 18 30
6 20 60
6 22 54
6 23 44
6 24 34
6 25 75
6 26 42
7 9 88
7 10 49
7 11 71
7 12 93
7 13 26
7 20 23
7 21 19
7 23 85
7 24 99
7 25 84
7 26 7
8 9 42
8 13 84
8 16 91
8 17 49
8 19 75
8 21 37
8 22 53
8 23 49
9 12 26
9 13 95
9 14 92
9 15 91
9 16 43
9 17 98
9 23 64
9 24 57
9 25 42
10 12 64
10 14 37
10 17 71
10 18 82
10 20 32
10 23 67
10 26 85
11 12 22
11 13 60
11 17 69
11 18 9
11 19 59
11 20 35
11 21 75
11 23 58
11 24 28
11 25 56
12 13 40
12 14 22
12 15 69
12 16 49
12 17 36
12 18 29
12 19 89
12 20 56
12 22 58
12 23 99
12 25 13
12 26 78
13 15 91
13 16 82
13 17 42
13 18 35
13 21 74
13 22 37
13 24 46
13 25 95
13 26 63
14 15 47
14 16 12
14 17 93
14 18 36
14 21 50
14 22 7
14 23 10
14 24 58
14 26 40
15 18 27
15 20 10
15 21 53
15 22 62
15 23 85
15 24 52
15 25 92
15 26 84
16 18 86
16 19 81
16 20 74
16 21 62
16 22 19
16 23 65
16 25 48
16 26 6
17 19 24
17 20 21
17 21 80
17 23 71
17 24 96
17 25 54
17 26 99
18 19 52
18 20 63
18 21 61
18 22 53
18 23 79
18 26 89
19 20 25
19 21 36
19 22 82
19 23 8
19 24 12
19 25 36
19 26 10
20 22 25
20 23 78
20 24 93
20 25 86
21 22 79
21 23 73
21 24 75
21 26 12
22 23 63
22 24 91
22 26 62
23 24 53
23 25 51
23 26 87
24 25 24
24 26 76
25 26 39
