29 188 900
0 5 9 5 9 7 7 1 5 0 6 3 3 4 3 0 8 1 5 5 5 0 7 5 7 10 5 7 0
1 3 71
1 4 77
1 5 64
1 12 60
1 14 59
1 19 93
1 23 35
1 26 11
1 27 54
2 3 10
2 6 63
2 7 57
2 12 11
2 14 74
2 18 21
2 23 52
2 25 35
2 26 71
2 28 53
3 4 96
3 5 59
3 7 29
3 10 8
3 11 84
3 13 36
3 16 64
3 18 38
3 20 92
3 22 66
3 25 52
3 27 32
3 28 88
4 7 78
4 14 83
4 18 23
4 23 92
4 24 20
4 28 43
4 29 66
5 7 46
5 8 85
5 9 61
5 10 45
5 12 12
5 13 38
5 16 95
5 17 84
5 26 99
5 27 16
6 11 91
6 12 12
6 13 89
6 14 46
6 16 46
6 21 59
6 23 99
7 8 50
7 9 42
7 10 27
7 11 47
7 12 96
7 14 84
7 16 91
7 17 92
7 19 80
7 20 38
7 24 62
7 25 93
7 28 16
8 9 78
8 11 89
8 14 27
8 22 33
8 23 78
8 24 25
8 25 80
8 26 86
9 11 26
9 14 27
9 16 76
9 18 24
9 20 93
9 23 51
9 28 51
10 13 68
10 17 52
10 20 6
10 26 60
10 29 42
11 12 49
11 14 79
11 15 84
11 17 16
11 18 25
11 19 62
11 20 57
11 22 78
11 25 39
11 27 84
11 29 32
12 13 80
12 18 39
12 20 8
12 23 80
12 27 87
12 28 91
13 18 69
13 21 37
13 22 56
13 26 26
13 29 74
14 17 13
14 18 91
14 19 12
14 20 8
14 22 46
14 25 61
14 27 47
14 28 40
14 29 62
15 17 14
15 18 53
15 25 67
15 27 42
15 28 52
15 29 100
16 17 39
16 20 16
16 23 39
16 25 84
16 26 57
16 27 36
17 18 19
17 20 21
17 24 45
17 26 47
17 27 57
17 29 6
18 19 48
18 22 75
18 24 13
18 26 63
18 27 31
18 28 8
18 29 89
19 20 72
19 21 13
19 22 11
19 24 57
19 25 63
19 26 65
19 27 10
19 28 62
19 29 23
20 21 85
20 23 81
20 25 43
20 26 83
20 27 24
20 28 31
21 24 59
21 25 15
21 26 13
21 28 74
21 29 89
22 24 56
22 25 74
22 27 23
22 28 70
22 29 78
23 24 90
23 25 35
23 26 22
23 27 9
23 28 28
23 29 29
24 25 83
24 26 49
24 27 65
24 28 73
24 29 89
25 28 5
25 29 81
26 27 62
26 29 24
27 28 85
27 29 39
28 29 41
