26 300 1000
0 9 8 3 6 10 1 6 1 1 3 3 10 3 10 0 4 3 5 7 9 5 2 0 9 0
1 2 10
1 3 9
1 4 9
1 5 5
1 6 5
1 7 5
1 9 8
1 10 10
1 11 8
1 12 7
1 13 5
1 14 8
1 15 5
1 16 6
1 17 9
1 18 8
1 20 7
1 21 10
1 23 9
1 24 7
1 25 6
1 26 6
2 3 9
2 4 8
2 5 7
2 6 10
2 8 5
2 9 9
2 10 8
2 11 5
2 13 10
2 14 5
2 16 10
2 17 5
2 19 7
2 20 10
2 21 10
2 22 8
2 23 10
2 24 8
2 25 8
2 26 5
3 4 10
3 5 5
3 6 9
3 7 5
3 8 10
3 9 5
3 10 7
3 11 7
3 12 5
3 13 9
3 15 6
3 16 8
3 17 6
3 18 5
3 20 10
3 21 8
3 22 5
3 23 6
3 24 5
3 25 5
3 26 6
4 5 6
4 6 7
4 7 8
4 8 5
4 9 7
4 11 9
4 12 5
4 13 8
4 14 5
4 15 9
4 16 5
4 17 9
4 18 6
4 19 8
4 20 7
4 21 9
4 22 6
4 23 9
4 24 8
4 25 9
4 26 7
5 6 6
5 7 10
5 8 6
5 10 6
5 13 8
5 14 7
5 15 6
5 16 9
5 18 6
5 19 5
5 20 8
5 21 5
5 22 6
5 23 9
5 25 7
5 26 10
6 7 7
6 8 6
6 9 8
6 10 9
6 11 6
6 12 6
6 13 10
6 14 9
6 15 5
6 16 10
6 17 7
6 18 7
6 19 6
6 20 6
6 21 6
6 22 7
6 23 8
6 24 6
6 26 8
7 8 5
7 9 9
7 10 10
7 11 8
7 12 10
7 13 7
7 14 7
7 15 6
7 16 10
7 17 9
7 18 8
7 19 5
7 20 5
7 21 8
7 23 9
7 24 10
7 25 10
7 26 6
8 9 9
8 10 8
8 12 10
8 13 8
8 14 10
8 15 7
8 16 10
8 17 10
8 18 5
8 19 7
8 20 5
8 21 8
8 22 9
8 23 8
8 25 8
8 26 7
9 10 10
9 11 8
9 12 9
9 13 5
9 14 9
9 15 6
9 16 7
9 17 8
9 19 5
9 20 8
9 21 9
9 22 7
9 23 10
9 24 9
9 25 9
10 11 7
10 12 10
10 13 10
10 14 10
10 15 5
10 16 9
10 17 7
10 18 5
10 19 8
10 20 10
10 21 7
10 22 7
10 24 7
10 25 9
11 12 8
11 13 10
11 14 5
11 15 5
11 16 7
11 17 6
11 18 7
11 19 8
11 20 5
11 21 7
11 22 8
11 23 9
11 24 8
11 25 8
11 26 6
12 13 8
12 14 6
12 15 6
12 16 8
12 17 9
12 19 5
12 21 9
12 22 7
12 23 6
12 24 5
12 25 6
12 26 5
13 14 5
13 15 7
13 16 6
13 17 6
13 18 7
13 19 9
13 20 6
13 21 8
13 22 10
13 23 9
13 24 5
13 25 8
13 26 9
14 15 10
14 16 6
14 17 5
14 18 6
14 19 6
14 20 9
14 21 7
14 22 5
14 23 10
14 24 5
14 25 5
14 26 7
15 16 6
15 17 5
15 18 8
15 19 8
15 20 8
15 21 9
15 22 7
15 23 8
15 24 8
15 25 6
15 26 7
16 17 10
16 18 5
16 19 7
16 20 6
16 21 10
16 22 9
16 23 7
16 24 5
16 25 10
16 26 9
17 18 6
17 19 10
17 20 5
17 21 5
17 22 7
17 23 10
17 24 7
17 25 7
17 26 6
18 19 10
18 20 7
18 21 6
18 22 9
18 23 9
18 24 9
18 25 10
18 26 7
19 20 8
19 21 8
19 22 5
19 23 10
19 24 10
19 25 10
19 26 7
20 21 8
20 22 10
20 23 7
20 24 5
20 25 10
20 26 5
21 22 5
21 23 6
21 24 6
21 25 10
21 26 9
22 23 5
22 24 6
22 25 9
22 26 9
23 24 7
23 25 7
23 26 10
24 25 9
24 26 8
25 26 10
