30 300 1000
0 8 6 9 9 9 5 8 10 6 5 7 3 0 1 0 0 3 6 3 3 0 10 2 6 8 9 8 3 0
1 2 10
1 3 7
1 4 8
1 8 8
1 9 8
1 13 10
1 14 5
1 15 7
1 17 6
1 18 5
1 19 10
1 22 5
1 26 10
1 27 5
1 29 10
2 4 9
2 5 7
2 12 5
2 13 7
2 15 10
2 20 8
2 25 6
2 26 5
2 27 5
2 28 7
2 30 7
3 5 5
3 6 6
3 8 10
3 9 9
3 10 9
3 11 6
3 15 7
3 16 6
3 17 9
3 18 5
3 19 5
3 20 7
3 22 8
3 23 6
3 25 9
3 27 7
4 6 10
4 7 8
4 10 8
4 12 8
4 13 9
4 16 8
4 17 5
4 18 7
4 19 6
4 20 5
4 22 7
4 25 8
4 27 5
4 28 5
4 29 8
4 30 6
5 6 5
5 7 8
5 10 7
5 14 10
5 15 9
5 16 10
5 18 7
5 21 6
5 26 8
5 28 6
5 29 9
6 9 5
6 10 9
6 12 5
6 13 10
6 14 7
6 19 5
6 20 10
6 21 10
6 22 9
6 23 8
6 24 5
6 25 7
6 26 8
6 27 9
6 29 6
6 30 10
7 9 7
7 10 5
7 11 10
7 12 7
7 14 10
7 15 9
7 16 10
7 18 9
7 19 8
7 24 8
7 25 10
7 26 6
7 27 6
7 28 9
7 29 7
8 9 8
8 10 7
8 11 10
8 12 5
8 13 6
8 14 5
8 15 10
8 17 9
8 18 6
8 20 8
8 23 5
8 24 7
8 25 8
8 26 8
8 27 10
8 28 7
8 30 9
9 11 7
9 12 8
9 14 10
9 16 6
9 17 8
9 18 10
9 20 8
9 24 7
9 27 8
9 28 8
9 29 8
9 30 7
10 13 5
10 15 8
10 16 5
10 18 7
10 20 8
10 21 5
10 22 9
10 23 7
10 25 10
10 26 7
10 29 6
10 30 6
11 12 9
11 13 7
11 17 8
11 18 10
11 20 7
11 21 5
11 22 8
11 24 9
11 25 7
11 26 9
11 27 5
11 28 9
12 13 9
12 14 9
12 15 10
12 16 10
12 17 9
12 18 10
12 19 6
12 20 10
12 21 9
12 22 10
12 24 7
12 28 8
12 29 10
12 30 10
13 16 8
13 17 6
13 18 9
13 19 10
13 20 6
13 21 8
13 22 10
13 23 7
13 24 5
13 25 7
13 26 6
13 27 6
13 28 8
13 29 8
13 30 5
14 15 7
14 16 6
14 17 6
14 18 5
14 20 9
14 21 6
14 22 8
14 23 9
14 24 9
14 25 7
14 27 9
14 28 6
14 29 6
15 16 10
15 17 7
15 19 8
15 20 9
15 22 5
15 23 8
15 24 9
15 25 6
15 26 9
15 27 6
15 28 5
15 30 5
16 18 10
16 19 6
16 20 6
16 21 8
16 22 8
16 23 7
16 24 5
16 25 7
16 26 10
16 27 9
16 28 6
16 29 5
17 18 6
17 20 9
17 21 10
17 22 9
17 23 8
17 25 8
17 26 7
17 27 8
17 29 10
18 20 7
18 21 8
18 22 9
18 23 10
18 24 7
18 25 9
18 26 6
18 27 7
18 28 7
18 29 7
18 30 9
19 20 9
19 21 8
19 22 9
19 23 5
19 24 10
19 27 5
19 28 5
19 29 5
19 30 5
20 21 10
20 22 8
20 23 6
20 24 7
20 25 8
20 26 9
20 27 5
20 28 7
20 29 5
20 30 8
21 22 6
21 23 5
21 24 7
21 25 8
21 27 8
21 29 6
21 30 5
22 23 8
22 25 5
22 26 6
22 27 7
22 28 10
22 29 10
22 30 9
23 24 9
23 25 7
23 26 6
23 27 8
23 28 10
23 29 5
23 30 8
24 25 6
24 26 8
24 27 6
24 28 9
24 29 5
24 30 8
25 26 7
25 27 9
25 28 6
25 29 10
25 30 5
26 27 9
26 28 9
26 29 10
26 30 8
27 28 7
27 29 9
27 30 5
28 29 9
28 30 6
29 30 7
