26 300 1000
0 10 0 1 8 9 5 2 2 3 10 6 3 2 7 7 3 0 0 2 1 6 7 2 1 0
1 2 6
1 3 5
1 4 6
1 5 5
1 6 6
1 8 8
1 9 8
1 10 8
1 11 7
1 12 9
1 13 9
1 14 6
1 15 9
1 16 6
1 17 7
1 18 10
1 19 10
1 21 10
1 23 10
1 24 10
1 25 8
1 26 7
2 3 9
2 4 5
2 5 5
2 6 8
2 7 7
2 8 8
2 10 9
2 11 8
2 12 6
2 13 5
2 14 8
2 15 8
2 17 6
2 18 5
2 20 9
2 21 6
2 22 8
2 23 10
2 24 7
2 25 8
2 26 8
3 4 8
3 5 5
3 6 8
3 7 6
3 8 6
3 9 10
3 10 6
3 11 8
3 12 8
3 13 8
3 14 6
3 15 8
3 16 7
3 17 10
3 18 5
3 19 7
3 20 6
3 21 9
3 22 5
3 23 8
3 24 7
3 25 9
3 26 7
4 5 10
4 7 8
4 8 6
4 9 10
4 10 7
4 11 8
4 12 5
4 13 7
4 14 10
4 15 7
4 16 10
4 17 6
4 18 5
4 19 7
4 20 6
4 21 10
4 23 6
4 24 9
4 25 10
4 26 5
5 6 6
5 7 8
5 8 8
5 9 5
5 10 6
5 11 10
5 12 9
5 13 5
5 16 7
5 17 8
5 18 7
5 19 7
5 20 10
5 21 9
5 22 10
5 23 7
5 24 8
5 25 5
5 26 9
6 7 9
6 8 8
6 9 7
6 11 6
6 12 6
6 13 7
6 14 6
6 16 7
6 17 10
6 18 9
6 20 5
6 21 10
6 22 8
6 23 5
6 24 5
6 25 5
6 26 9
7 8 6
7 9 6
7 10 7
7 11 6
7 12 6
7 13 8
7 14 7
7 16 5
7 17 8
7 18 9
7 19 9
7 20 7
7 21 10
7 22 9
7 23 9
7 24 6
7 25 7
7 26 5
8 10 7
8 11 7
8 12 10
8 13 8
8 14 5
8 15 10
8 16 9
8 17 6
8 18 8
8 19 6
8 20 5
8 21 9
8 22 9
8 24 6
9 10 8
9 11 5
9 12 5
9 13 9
9 14 9
9 16 6
9 17 7
9 18 7
9 19 5
9 20 8
9 22 5
9 23 9
9 24 7
9 25 6
9 26 10
10 11 8
10 12 7
10 13 8
10 14 10
10 15 6
10 16 10
10 17 7
10 18 10
10 19 8
10 20 7
10 21 9
10 23 7
10 24 7
10 25 7
10 26 8
11 12 9
11 13 10
11 16 8
11 17 10
11 18 5
11 19 5
11 20 10
11 21 6
11 22 7
11 23 10
11 24 5
11 25 8
11 26 9
12 14 8
12 15 7
12 16 5
12 17 10
12 18 10
12 19 7
12 20 10
12 21 6
12 22 9
12 23 6
12 24 10
12 25 5
12 26 6
13 14 8
13 15 5
13 16 7
13 17 9
13 18 10
13 19 8
13 20 10
13 21 5
13 22 9
13 23 6
13 24 9
13 25 10
13 26 9
14 15 5
14 16 9
14 17 6
14 18 6
14 19 9
14 20 10
14 21 8
14 22 5
14 23 7
14 24 6
14 25 9
14 26 6
15 16 5
15 17 5
15 18 10
15 19 9
15 20 9
15 21 5
15 22 10
15 23 10
15 24 6
15 25 9
15 26 5
16 17 6
16 18 5
16 19 8
16 20 8
16 21 8
16 22 9
16 23 9
16 24 9
16 25 8
17 18 6
17 19 7
17 20 9
17 21 7
17 22 8
17 23 10
17 24 9
17 25 5
17 26 6
18 19 7
18 20 5
18 21 8
18 22 10
18 23 9
18 24 6
18 25 9
18 26 8
19 20 10
19 21 7
19 22 5
19 23 6
19 24 5
19 25 10
19 26 8
20 21 6
20 22 6
20 23 6
20 24 7
20 25 9
20 26 6
21 22 9
21 23 9
21 24 6
21 25 7
21 26 6
22 23 7
22 24 10
22 25 9
22 26 8
23 24 7
23 25 10
23 26 9
24 25 7
24 26 7
25 26 7
