30 300 1000
0 4 4 5 8 0 8 3 4 3 9 9 4 1 1 8 6 6 6 7 3 10 4 10 5 2 6 5 6 0
1 2 9
1 3 8
1 4 10
1 5 9
1 6 7
1 7 5
1 8 6
1 9 8
1 10 7
1 11 8
1 12 9
1 14 8
1 16 10
1 17 6
1 18 8
1 21 9
1 22 10
1 24 10
1 25 8
1 26 10
1 27 5
1 29 5
2 3 6
2 4 9
2 5 8
2 6 9
2 7 10
2 9 8
2 10 9
2 11 8
2 12 8
2 13 10
2 15 6
2 16 9
2 17 7
2 19 9
2 20 10
2 21 8
2 23 5
2 24 7
2 26 9
2 29 8
3 11 10
3 12 9
3 14 6
3 15 7
3 17 9
3 18 7
3 21 9
3 22 7
3 24 6
3 26 5
3 28 8
3 30 5
4 6 9
4 8 8
4 11 5
4 13 6
4 14 10
4 15 10
4 16 9
4 18 7
4 21 10
4 22 8
4 24 9
4 29 7
4 30 5
5 10 7
5 14 5
5 15 9
5 16 10
5 17 10
5 18 7
5 19 10
5 22 10
5 25 5
5 26 8
5 27 5
5 30 10
6 7 9
6 8 6
6 9 10
6 10 8
6 14 7
6 15 7
6 16 8
6 17 7
6 18 7
6 20 8
6 21 6
6 22 6
6 26 8
7 8 5
7 9 5
7 10 7
7 13 5
7 15 10
7 16 6
7 17 9
7 18 9
7 19 7
7 24 10
7 25 8
7 28 9
7 29 6
8 9 9
8 11 6
8 12 6
8 14 5
8 15 9
8 16 5
8 17 7
8 18 6
8 19 8
8 20 7
8 21 6
8 22 8
8 25 10
8 27 8
8 28 5
8 29 7
8 30 9
9 12 9
9 13 6
9 15 9
9 16 9
9 17 10
9 18 7
9 20 5
9 24 9
9 25 10
9 27 10
9 28 6
9 29 9
10 11 5
10 13 10
10 14 10
10 15 9
10 17 10
10 19 6
10 20 7
10 24 8
10 25 10
10 26 8
10 29 5
11 13 7
11 14 8
11 15 9
11 16 9
11 17 9
11 18 5
11 19 5
11 20 8
11 22 6
11 24 5
11 25 7
11 26 7
11 27 6
11 28 6
11 29 7
11 30 10
12 14 7
12 17 6
12 20 7
12 21 9
12 23 5
12 24 7
12 27 8
12 28 10
12 29 10
12 30 10
13 15 10
13 16 8
13 17 7
13 18 8
13 19 6
13 20 9
13 22 10
13 24 9
13 25 9
13 26 9
13 28 8
13 30 7
14 15 8
14 17 5
14 18 7
14 19 9
14 20 7
14 23 10
14 24 10
14 28 8
14 30 8
15 17 8
15 18 8
15 20 9
15 21 6
15 22 5
15 23 6
15 24 5
15 25 7
15 26 6
15 27 8
15 28 7
15 29 9
15 30 9
16 18 10
16 19 8
16 20 10
16 21 9
16 22 6
16 23 6
16 24 8
16 25 5
16 26 10
16 27 8
16 29 5
16 30 10
17 18 5
17 19 5
17 20 5
17 21 10
17 22 9
17 23 5
17 26 8
17 27 7
17 28 8
17 29 5
17 30 9
18 19 8
18 20 5
18 21 6
18 22 6
18 24 10
18 25 10
18 27 7
18 28 5
18 29 5
18 30 7
19 20 5
19 21 9
19 22 9
19 24 5
19 25 6
19 26 9
19 27 6
19 28 5
19 29 5
19 30 5
20 22 9
20 23 9
20 24 5
20 25 10
20 26 10
20 27 9
20 28 8
20 29 10
20 30 9
21 22 6
21 23 9
21 24 5
21 26 8
21 27 5
21 28 8
21 29 6
22 23 9
22 24 5
22 25 5
22 26 9
22 27 10
22 28 9
22 29 9
22 30 5
23 24 9
23 25 7
23 26 6
23 27 9
23 28 7
23 29 8
23 30 7
24 25 9
24 26 8
24 27 9
24 28 6
24 29 10
24 30 10
25 26 7
25 27 5
25 28 9
25 29 5
25 30 7
26 27 10
26 28 9
26 29 6
26 30 10
27 28 7
27 29 7
27 30 10
28 29 5
28 30 10
29 30 9
