28 300 1000
0 8 4 9 8 3 0 1 3 2 4 6 0 9 1 7 7 2 8 0 0 6 10 9 1 1 2 0
1 3 8
1 4 10
1 5 6
1 6 5
1 7 7
1 8 5
1 10 8
1 11 5
1 12 10
1 13 9
1 15 9
1 16 6
1 17 9
1 18 7
1 20 7
1 21 8
1 22 7
1 23 5
1 24 8
1 28 9
2 3 7
2 5 7
2 8 6
2 9 10
2 10 10
2 12 6
2 13 5
2 14 10
2 15 8
2 16 6
2 17 8
2 18 8
2 19 6
2 20 7
2 21 10
2 22 5
2 23 7
2 25 7
2 27 10
2 28 6
3 4 8
3 6 6
3 7 9
3 8 9
3 10 10
3 11 9
3 14 5
3 17 10
3 18 6
3 19 7
3 21 8
3 22 8
3 23 8
3 24 9
3 25 5
3 28 7
4 5 6
4 6 5
4 7 7
4 9 10
4 10 7
4 11 9
4 12 10
4 14 7
4 15 7
4 16 6
4 17 6
4 18 5
4 19 7
4 21 7
4 22 7
4 23 5
4 24 10
4 27 8
4 28 6
5 6 7
5 10 5
5 12 6
5 14 10
5 15 10
5 16 8
5 18 7
5 19 6
5 21 9
5 23 7
5 24 7
5 25 10
5 26 5
5 27 9
5 28 8
6 7 6
6 8 5
6 11 10
6 13 9
6 14 10
6 17 10
6 19 7
6 21 6
6 25 5
6 26 8
6 27 6
6 28 7
7 8 5
7 9 10
7 10 7
7 13 8
7 14 9
7 15 6
7 16 7
7 17 9
7 18 10
7 19 5
7 20 8
7 21 5
7 22 10
7 23 10
7 24 6
7 26 7
7 27 8
7 28 7
8 9 8
8 10 10
8 12 10
8 13 5
8 14 7
8 17 10
8 18 10
8 21 9
8 22 6
8 23 6
8 24 5
8 26 7
8 27 8
8 28 5
9 11 7
9 15 10
9 16 5
9 17 8
9 19 7
9 20 7
9 21 6
9 23 10
9 24 7
9 26 6
9 27 7
9 28 7
10 11 10
10 12 5
10 13 8
10 14 10
10 15 5
10 16 7
10 17 7
10 18 8
10 19 8
10 20 10
10 21 8
10 22 6
10 23 7
10 24 6
10 25 9
11 13 6
11 14 5
11 16 6
11 17 10
11 18 5
11 19 6
11 20 9
11 24 9
11 25 6
11 26 9
11 27 9
11 28 6
12 13 8
12 14 6
12 15 5
12 16 7
12 17 9
12 18 5
12 19 9
12 20 7
12 21 5
12 22 8
12 23 9
12 24 5
12 25 10
12 26 9
12 27 8
12 28 6
13 14 8
13 15 9
13 16 6
13 17 5
13 19 6
13 20 7
13 21 5
13 22 6
13 23 10
13 24 6
13 25 8
13 26 5
13 27 7
13 28 5
14 15 10
14 16 6
14 17 6
14 18 6
14 19 8
14 20 7
14 21 7
14 22 5
14 23 5
14 25 9
14 26 9
14 27 9
14 28 6
15 16 7
15 17 6
15 18 9
15 19 6
15 20 9
15 22 9
15 25 9
15 26 8
15 28 8
16 17 5
16 19 9
16 20 5
16 21 5
16 22 10
16 23 7
16 24 5
16 25 7
16 26 8
16 27 7
16 28 5
17 18 5
17 19 8
17 20 7
17 21 10
17 22 8
17 23 9
17 24 9
17 25 6
17 26 7
17 27 9
17 28 8
18 19 7
18 21 10
18 22 9
18 23 8
18 24 5
18 25 9
18 26 5
18 27 6
18 28 9
19 20 8
19 21 6
19 22 8
19 24 10
19 25 6
19 26 6
19 27 10
19 28 8
20 21 6
20 22 10
20 23 6
20 24 6
20 25 9
20 26 6
20 27 6
20 28 9
21 22 10
21 23 6
21 24 6
21 25 8
21 26 8
21 27 8
21 28 5
22 23 6
22 24 5
22 25 7
22 26 9
22 27 8
22 28 5
23 24 9
23 25 6
23 26 9
23 27 10
23 28 9
24 25 7
24 26 9
24 27 6
24 28 5
25 26 8
25 27 9
25 28 5
26 27 7
26 28 8
27 28 9
