27 300 1000
0 1 3 1 3 5 5 0 4 1 9 5 0 7 3 9 6 6 9 5 4 9 4 2 1 8 0
1 2 10
1 4 9
1 5 8
1 6 7
1 8 10
1 10 8
1 11 10
1 12 7
1 14 5
1 15 5
1 16 5
1 17 5
1 18 8
1 19 5
1 21 5
1 22 5
1 23 6
1 26 6
2 4 10
2 5 5
2 7 7
2 8 7
2 10 10
2 11 7
2 12 10
2 14 9
2 15 9
2 17 7
2 18 7
2 19 7
2 21 9
2 22 8
2 23 10
2 24 8
2 26 6
2 27 5
3 4 9
3 5 5
3 7 10
3 8 7
3 9 8
3 11 9
3 12 5
3 13 6
3 14 10
3 16 9
3 17 6
3 18 10
3 19 9
3 20 6
3 21 8
3 22 7
3 23 7
3 24 10
3 26 8
3 27 10
4 5 8
4 6 6
4 7 9
4 8 9
4 9 6
4 11 9
4 13 6
4 15 9
4 17 7
4 19 10
4 21 5
4 22 7
4 23 9
4 24 8
4 25 8
4 26 8
4 27 8
5 6 7
5 7 10
5 8 10
5 9 6
5 10 5
5 12 5
5 13 6
5 15 6
5 16 10
5 18 10
5 19 8
5 20 5
5 22 5
5 23 5
5 24 7
5 25 7
5 26 7
5 27 5
6 7 5
6 8 8
6 10 10
6 11 7
6 12 6
6 13 5
6 14 10
6 15 9
6 16 9
6 17 9
6 19 5
6 20 10
6 21 7
6 22 9
6 23 5
6 24 6
6 27 5
7 8 10
7 9 5
7 10 7
7 11 9
7 13 9
7 15 9
7 16 8
7 17 8
7 20 9
7 21 9
7 22 7
7 23 9
7 24 7
7 25 6
7 26 8
7 27 10
8 9 10
8 10 10
8 11 8
8 12 5
8 13 8
8 15 5
8 16 6
8 18 9
8 19 9
8 20 5
8 21 9
8 22 5
8 24 10
8 25 7
8 26 8
8 27 8
9 10 10
9 11 9
9 12 5
9 13 10
9 14 7
9 15 8
9 16 10
9 17 7
9 18 9
9 19 5
9 20 5
9 22 7
9 23 10
9 24 6
9 25 10
9 26 6
9 27 8
10 11 8
10 12 8
10 13 9
10 14 7
10 15 5
10 16 5
10 17 8
10 18 7
10 19 5
10 20 7
10 21 8
10 22 8
10 23 9
10 24 5
10 25 10
10 26 7
10 27 9
11 13 9
11 14 8
11 15 6
11 16 9
11 17 10
11 18 10
11 19 7
11 20 8
11 21 6
11 22 9
11 23 5
11 25 8
11 26 10
11 27 8
12 13 6
12 14 9
12 15 5
12 16 9
12 18 7
12 19 10
12 20 5
12 21 5
12 22 10
12 23 7
12 24 9
12 25 6
12 26 7
12 27 6
13 15 7
13 16 5
13 17 10
13 18 9
13 19 5
13 20 5
13 22 9
13 23 6
13 24 10
13 25 10
13 26 5
13 27 7
14 15 8
14 17 5
14 18 5
14 19 7
14 20 5
14 21 7
14 22 7
14 23 5
14 24 10
14 25 10
14 27 8
15 16 6
15 17 10
15 18 6
15 19 9
15 20 5
15 21 10
15 22 7
15 23 8
15 24 5
15 25 7
15 26 5
15 27 9
16 17 5
16 18 10
16 19 5
16 20 9
16 21 6
16 22 10
16 23 9
16 24 6
16 26 10
17 18 6
17 20 10
17 21 8
17 22 7
17 23 5
17 24 9
17 25 7
17 26 8
17 27 5
18 19 6
18 20 9
18 21 8
18 22 10
18 23 9
18 24 8
18 25 7
18 26 6
18 27 8
19 20 6
19 21 6
19 22 7
19 23 9
19 24 8
19 25 8
19 26 9
19 27 5
20 21 8
20 22 6
20 23 5
20 24 6
20 25 8
20 26 7
20 27 8
21 22 9
21 23 7
21 24 6
21 25 10
21 26 8
21 27 7
22 23 9
22 24 10
22 25 5
22 26 8
22 27 5
23 24 6
23 25 7
23 26 5
23 27 9
24 25 5
24 26 10
24 27 9
25 26 7
25 27 5
26 27 8
