25 300 1000
0 8 3 9 4 7 7 4 2 0 6 1 9 7 5 10 1 4 9 9 8 8 1 1 0
1 2 9
1 3 7
1 4 5
1 5 10
1 6 9
1 7 6
1 8 8
1 9 6
1 10 5
1 11 5
1 12 6
1 13 8
1 14 8
1 15 9
1 16 8
1 17 9
1 18 7
1 19 7
1 20 6
1 21 10
1 22 8
1 23 5
1 24 8
1 25 7
2 3 7
2 4 8
2 5 10
2 6 7
2 7 9
2 8 7
2 9 10
2 10 5
2 11 5
2 12 9
2 13 7
2 14 7
2 15 6
2 16 7
2 17 9
2 18 5
2 19 8
2 20 7
2 21 7
2 22 5
2 23 6
2 24 7
2 25 5
3 4 7
3 5 7
3 6 6
3 7 5
3 8 6
3 9 6
3 10 6
3 11 10
3 12 6
3 13 10
3 14 8
3 15 5
3 16 10
3 17 10
3 18 9
3 19 8
3 20 5
3 21 5
3 22 8
3 23 8
3 24 10
3 25 7
4 5 10
4 6 9
4 7 6
4 8 7
4 9 6
4 10 10
4 11 6
4 12 6
4 13 10
4 14 7
4 15 5
4 16 5
4 17 7
4 18 7
4 19 7
4 20 9
4 21 8
4 22 6
4 23 10
4 24 10
4 25 6
5 6 8
5 7 8
5 8 8
5 9 9
5 10 5
5 11 8
5 12 5
5 13 6
5 14 9
5 15 7
5 16 10
5 17 9
5 18 8
5 19 6
5 20 6
5 21 10
5 22 10
5 23 10
5 24 5
5 25 7
6 7 5
6 8 7
6 9 5
6 10 5
6 11 6
6 12 6
6 13 5
6 14 10
6 15 6
6 16 6
6 17 5
6 18 8
6 19 8
6 20 6
6 21 7
6 22 6
6 23 7
6 24 8
6 25 5
7 8 6
7 9 5
7 10 10
7 11 9
7 12 9
7 13 9
7 14 7
7 15 7
7 16 8
7 17 10
7 18 7
7 19 7
7 20 9
7 21 10
7 22 5
7 23 10
7 24 6
7 25 7
8 9 8
8 10 10
8 11 6
8 12 10
8 13 5
8 14 9
8 15 9
8 16 6
8 17 10
8 18 8
8 19 7
8 20 5
8 21 6
8 22 5
8 23 9
8 24 8
8 25 7
9 10 5
9 11 8
9 12 7
9 13 9
9 14 7
9 15 6
9 16 5
9 17 9
9 18 10
9 19 8
9 20 6
9 21 5
9 22 9
9 23 9
9 24 5
9 25 7
10 11 5
10 12 6
10 13 10
10 14 5
10 15 7
10 16 9
10 17 9
10 18 8
10 19 8
10 20 8
10 21 10
10 22 10
10 23 8
10 24 5
10 25 9
11 12 6
11 13 6
11 14 5
11 15 10
11 16 9
11 17 5
11 18 10
11 19 6
11 20 10
11 21 9
11 22 10
11 23 6
11 24 7
11 25 7
12 13 5
12 14 10
12 15 5
12 16 8
12 17 9
12 18 10
12 19 10
12 20 8
12 21 7
12 22 10
12 23 9
12 24 9
12 25 10
13 14 8
13 15 8
13 16 8
13 17 10
13 18 9
13 19 8
13 20 8
13 21 10
13 22 10
13 23 10
13 24 8
13 25 5
14 15 6
14 16 9
14 17 8
14 18 10
14 19 8
14 20 7
14 21 5
14 22 8
14 23 8
14 24 9
14 25 8
15 16 6
15 17 9
15 18 6
15 19 10
15 20 8
15 21 9
15 22 6
15 23 9
15 24 9
15 25 5
16 17 10
16 18 8
16 19 9
16 20 8
16 21 5
16 22 6
16 23 9
16 24 8
16 25 8
17 18 7
17 19 10
17 20 10
17 21 5
17 22 5
17 23 6
17 24 8
17 25 9
18 19 6
18 20 10
18 21 10
18 22 6
18 23 10
18 24 7
18 25 9
19 20 8
19 21 10
19 22 10
19 23 7
19 24 5
19 25 7
20 21 7
20 22 6
20 23 6
20 24 5
20 25 7
21 22 6
21 23 5
21 24 5
21 25 8
22 23 7
22 24 7
22 25 7
23 24 5
23 25 6
24 25 10
