27 300 1000
0 5 3 4 9 1 4 2 6 7 7 10 0 3 2 5 0 9 4 4 0 5 3 10 2 0 0
1 2 9
1 3 10
1 5 7
1 6 8
1 7 10
1 8 6
1 9 6
1 11 5
1 14 8
1 15 7
1 16 7
1 20 10
1 21 8
1 22 8
1 23 9
1 24 7
1 27 9
2 4 10
2 5 9
2 6 7
2 7 6
2 10 9
2 14 5
2 16 8
2 17 8
2 19 8
2 20 7
2 21 6
2 23 6
2 24 8
2 25 5
2 27 5
3 5 8
3 7 7
3 8 10
3 9 5
3 11 9
3 12 9
3 13 9
3 14 10
3 15 5
3 17 7
3 18 8
3 19 5
3 20 10
3 21 10
3 22 9
3 25 7
3 26 7
3 27 9
4 6 8
4 8 5
4 9 6
4 12 6
4 13 9
4 14 9
4 15 9
4 16 8
4 17 7
4 19 6
4 20 9
4 21 7
4 22 8
4 23 9
4 24 6
4 25 9
4 27 6
5 7 5
5 8 7
5 9 5
5 10 6
5 11 7
5 12 8
5 13 6
5 14 6
5 15 10
5 16 10
5 17 5
5 18 5
5 19 10
5 20 9
5 22 10
5 25 6
5 27 6
6 7 10
6 8 10
6 9 5
6 10 6
6 11 10
6 14 6
6 15 9
6 16 9
6 17 7
6 19 5
6 20 8
6 21 7
6 22 9
6 23 6
6 24 10
6 26 10
7 8 8
7 9 10
7 10 8
7 12 5
7 14 6
7 15 10
7 16 7
7 18 5
7 19 10
7 20 8
7 21 7
7 23 6
7 24 10
7 25 7
7 26 9
7 27 10
8 9 8
8 10 10
8 11 6
8 12 9
8 13 7
8 14 5
8 15 8
8 16 6
8 17 5
8 18 6
8 19 8
8 20 8
8 21 7
8 22 10
8 24 6
8 25 9
8 26 6
8 27 10
9 10 9
9 11 7
9 12 7
9 14 6
9 15 10
9 16 8
9 17 6
9 18 9
9 19 10
9 20 10
9 21 6
9 22 8
9 23 10
9 24 5
9 25 6
9 26 5
10 11 9
10 12 5
10 13 6
10 14 7
10 15 8
10 16 7
10 17 9
10 19 10
10 20 10
10 21 10
10 22 7
10 24 5
10 25 6
10 26 9
10 27 10
11 12 10
11 13 5
11 14 7
11 16 8
11 17 7
11 18 8
11 19 9
11 20 6
11 21 8
11 22 6
11 23 7
11 24 9
11 25 8
11 26 7
11 27 9
12 13 6
12 14 9
12 15 7
12 16 10
12 17 6
12 18 8
12 19 7
12 20 8
12 21 6
12 22 8
12 23 10
12 24 10
12 25 10
12 26 8
12 27 10
13 14 8
13 15 7
13 16 5
13 17 9
13 18 9
13 19 6
13 20 5
13 21 7
13 22 8
13 23 10
13 24 9
13 25 10
13 26 5
13 27 6
14 15 9
14 16 8
14 17 7
14 18 6
14 19 9
14 20 7
14 21 9
14 22 10
14 23 9
14 24 8
14 25 6
14 26 7
14 27 9
15 16 9
15 17 9
15 18 8
15 19 6
15 20 6
15 21 5
15 22 7
15 23 7
15 24 8
15 25 10
15 26 7
15 27 6
16 17 7
16 18 9
16 19 9
16 20 10
16 21 6
16 22 8
16 23 6
16 24 6
16 25 10
16 26 6
16 27 6
17 18 10
17 19 7
17 20 8
17 21 10
17 22 5
17 23 8
17 24 8
17 25 9
17 26 5
17 27 10
18 19 9
18 20 6
18 21 5
18 22 10
18 23 6
18 24 8
18 25 8
18 26 6
18 27 5
19 20 7
19 21 5
19 22 7
19 23 7
19 24 5
19 25 5
19 26 9
19 27 7
20 21 5
20 22 8
20 23 10
20 24 5
20 25 7
20 26 10
20 27 7
21 22 9
21 23 8
21 24 8
21 25 5
21 26 10
21 27 7
22 23 8
22 24 9
22 25 10
22 26 10
22 27 10
23 24 5
23 25 5
23 26 5
23 27 5
24 25 6
24 26 8
24 27 6
25 26 7
25 27 6
26 27 8
