25 300 1000
0 5 9 9 9 9 1 7 8 6 4 6 0 4 7 3 4 4 0 6 1 3 2 5 0
1 2 8
1 3 8
1 4 9
1 5 7
1 6 6
1 7 5
1 8 8
1 9 10
1 10 10
1 11 10
1 12 5
1 13 9
1 14 6
1 15 8
1 16 6
1 17 6
1 18 8
1 19 7
1 20 5
1 21 7
1 22 10
1 23 9
1 24 10
1 25 7
2 3 6
2 4 10
2 5 10
2 6 8
2 7 8
2 8 6
2 9 7
2 10 8
2 11 6
2 12 6
2 13 10
2 14 9
2 15 6
2 16 5
2 17 9
2 18 10
2 19 5
2 20 5
2 21 8
2 22 10
2 23 10
2 24 6
2 25 10
3 4 5
3 5 8
3 6 9
3 7 7
3 8 10
3 9 9
3 10 6
3 11 10
3 12 7
3 13 8
3 14 7
3 15 6
3 16 10
3 17 6
3 18 6
3 19 7
3 20 6
3 21 10
3 22 9
3 23 10
3 24 9
3 25 6
4 5 8
4 6 9
4 7 7
4 8 6
4 9 10
4 10 8
4 11 7
4 12 10
4 13 7
4 14 6
4 15 9
4 16 10
4 17 9
4 18 9
4 19 6
4 20 5
4 21 5
4 22 5
4 23 8
4 24 7
4 25 7
5 6 6
5 7 5
5 8 8
5 9 5
5 10 10
5 11 8
5 12 6
5 13 7
5 14 7
5 15 5
5 16 6
5 17 7
5 18 7
5 19 10
5 20 8
5 21 6
5 22 7
5 23 9
5 24 8
5 25 6
6 7 10
6 8 10
6 9 5
6 10 9
6 11 7
6 12 5
6 13 9
6 14 6
6 15 7
6 16 6
6 17 10
6 18 7
6 19 6
6 20 7
6 21 8
6 22 9
6 23 7
6 24 9
6 25 6
7 8 8
7 9 5
7 10 6
7 11 6
7 12 10
7 13 10
7 14 8
7 15 9
7 16 5
7 17 8
7 18 9
7 19 8
7 20 10
7 21 8
7 22 9
7 23 8
7 24 8
7 25 6
8 9 10
8 10 5
8 11 7
8 12 7
8 13 10
8 14 10
8 15 10
8 16 10
8 17 8
8 18 8
8 19 6
8 20 5
8 21 10
8 22 5
8 23 9
8 24 9
8 25 6
9 10 8
9 11 9
9 12 6
9 13 5
9 14 6
9 15 10
9 16 6
9 17 8
9 18 6
9 19 8
9 20 10
9 21 9
9 22 6
9 23 6
9 24 6
9 25 8
10 11 9
10 12 10
10 13 8
10 14 9
10 15 9
10 16 10
10 17 10
10 18 5
10 19 8
10 20 9
10 21 8
10 22 7
10 23 6
10 24 7
10 25 7
11 12 10
11 13 8
11 14 8
11 15 10
11 16 5
11 17 7
11 18 9
11 19 9
11 20 9
11 21 6
11 22 9
11 23 10
11 24 10
11 25 7
12 13 6
12 14 7
12 15 9
12 16 6
12 17 8
12 18 10
12 19 7
12 20 9
12 21 7
12 22 10
12 23 5
12 24 10
12 25 10
13 14 8
13 15 10
13 16 9
13 17 10
13 18 5
13 19 6
13 20 6
13 21 5
13 22 6
13 23 5
13 24 6
13 25 6
14 15 9
14 16 10
14 17 7
14 18 6
14 19 7
14 20 9
14 21 7
14 22 5
14 23 6
14 24 5
14 25 7
15 16 5
15 17 7
15 18 6
15 19 9
15 20 8
15 21 7
15 22 10
15 23 8
15 24 5
15 25 8
16 17 8
16 18 10
16 19 9
16 20 9
16 21 10
16 22 7
16 23 6
16 24 8
16 25 8
17 18 8
17 19 9
17 20 9
17 21 5
17 22 6
17 23 5
17 24 5
17 25 8
18 19 8
18 20 7
18 21 8
18 22 7
18 23 6
18 24 7
18 25 10
19 20 5
19 21 9
19 22 6
19 23 5
19 24 7
19 25 5
20 21 8
20 22 9
20 23 5
20 24 8
20 25 8
21 22 7
21 23 6
21 24 7
21 25 6
22 23 6
22 24 8
22 25 10
23 24 10
23 25 6
24 25 9
