30 300 1000
0 0 6 0 3 5 4 1 7 5 8 10 5 9 0 8 1 8 5 5 7 1 10 4 5 5 9 3 7 0
1 5 5
1 6 10
1 8 6
1 12 5
1 13 9
1 14 5
1 15 5
1 17 6
1 22 10
1 23 9
1 26 9
1 28 5
1 29 8
1 30 9
2 3 10
2 4 5
2 6 5
2 7 5
2 9 6
2 12 5
2 13 5
2 14 8
2 16 6
2 17 6
2 18 10
2 19 8
2 20 8
2 22 6
2 25 10
2 26 8
2 27 10
2 29 6
3 4 5
3 5 5
3 6 8
3 7 8
3 8 7
3 10 6
3 11 10
3 12 7
3 13 7
3 15 9
3 16 6
3 18 8
3 19 5
3 21 6
3 22 9
3 23 10
3 24 7
3 25 6
3 29 5
4 5 10
4 7 10
4 8 5
4 10 9
4 11 8
4 12 6
4 14 9
4 15 5
4 18 6
4 20 6
4 21 7
4 22 8
4 24 8
4 25 8
4 28 8
4 30 9
5 6 10
5 7 6
5 8 5
5 9 9
5 12 9
5 13 6
5 15 7
5 18 8
5 20 8
5 21 8
5 24 9
5 25 10
5 26 6
5 28 9
5 29 9
6 7 9
6 11 8
6 12 10
6 15 6
6 16 6
6 17 6
6 18 7
6 21 7
6 22 6
6 23 10
6 25 7
6 29 8
7 8 9
7 9 6
7 10 9
7 16 6
7 17 8
7 18 8
7 21 9
7 22 8
7 23 8
7 24 9
7 25 7
8 11 9
8 13 7
8 14 8
8 16 8
8 17 8
8 18 7
8 21 7
8 22 6
8 23 8
8 24 10
8 26 7
8 27 5
8 28 10
8 30 8
9 10 8
9 11 5
9 12 7
9 13 6
9 14 10
9 15 10
9 16 9
9 17 10
9 18 9
9 19 6
9 20 9
9 22 6
9 23 7
9 24 9
9 25 9
9 28 5
9 29 9
9 30 6
10 13 6
10 14 9
10 18 7
10 21 9
10 23 7
10 24 8
10 25 5
10 27 6
10 28 7
10 29 5
10 30 9
11 12 9
11 14 5
11 15 10
11 16 8
11 18 5
11 20 7
11 21 9
11 24 7
11 26 5
11 27 6
11 28 7
11 29 5
11 30 9
12 13 7
12 14 8
12 16 5
12 17 8
12 19 8
12 21 5
12 22 10
12 24 6
12 25 6
12 26 5
13 14 10
13 15 9
13 16 10
13 17 5
13 19 5
13 20 7
13 21 5
13 22 7
13 24 5
13 25 5
13 26 9
13 27 8
13 30 6
14 15 7
14 17 9
14 20 5
14 21 6
14 22 10
14 23 5
14 24 8
14 25 8
14 27 5
14 28 5
14 29 8
14 30 8
15 16 8
15 18 6
15 19 8
15 21 8
15 25 6
15 27 10
15 28 6
15 29 10
15 30 7
16 17 7
16 18 6
16 19 8
16 20 10
16 23 8
16 24 8
16 25 8
16 26 8
16 27 5
16 29 6
16 30 8
17 18 9
17 19 6
17 20 10
17 21 6
17 22 8
17 23 10
17 24 5
17 25 5
17 26 7
17 27 8
17 28 8
17 29 6
17 30 7
18 19 8
18 21 8
18 22 9
18 23 8
18 24 6
18 25 10
18 26 10
18 27 10
18 28 9
18 29 9
18 30 8
19 20 10
19 22 9
19 23 6
19 24 6
19 26 6
19 27 10
19 29 9
19 30 9
20 21 5
20 22 6
20 23 5
20 24 6
20 25 10
20 26 7
20 27 6
20 28 9
20 29 9
21 22 10
21 23 5
21 25 10
21 26 8
21 27 10
21 28 10
21 29 8
21 30 8
22 23 10
22 24 7
22 25 10
22 26 10
22 27 5
22 29 7
22 30 6
23 24 5
23 25 7
23 26 6
23 27 7
23 28 5
23 29 8
23 30 8
24 25 5
24 26 7
24 27 8
24 28 7
24 29 7
24 30 5
25 26 5
25 27 7
25 28 6
25 29 5
25 30 7
26 27 7
26 28 9
26 29 10
26 30 10
27 28 9
27 29 8
27 30 6
28 29 8
28 30 10
29 30 8
