26 300 1000
0 8 9 0 1 9 6 5 8 0 0 1 1 2 7 7 2 5 3 8 1 9 4 7 0 0
1 3 8
1 4 6
1 5 8
1 6 9
1 7 9
1 8 10
1 9 10
1 10 5
1 11 5
1 13 9
1 15 10
1 16 8
1 17 9
1 18 10
1 19 5
1 20 9
1 21 10
1 22 9
1 23 5
1 24 6
1 25 6
2 3 10
2 4 7
2 5 6
2 6 6
2 7 8
2 8 9
2 9 10
2 10 5
2 12 7
2 13 5
2 14 10
2 16 10
2 17 5
2 18 9
2 19 7
2 20 6
2 22 9
2 23 8
2 24 10
2 25 5
2 26 5
3 4 6
3 5 6
3 6 6
3 7 7
3 9 8
3 10 7
3 11 9
3 12 8
3 13 6
3 14 8
3 15 9
3 16 6
3 17 10
3 18 5
3 20 7
3 22 10
3 23 5
3 24 6
3 25 6
4 5 10
4 6 7
4 7 8
4 8 7
4 9 9
4 11 10
4 13 5
4 14 5
4 15 5
4 16 8
4 17 7
4 18 9
4 19 8
4 20 6
4 21 9
4 22 10
4 23 6
4 24 5
4 26 9
5 6 9
5 7 10
5 8 8
5 9 5
5 10 8
5 11 8
5 12 8
5 13 10
5 14 7
5 15 6
5 16 5
5 17 7
5 18 8
5 19 5
5 20 5
5 21 10
5 22 7
5 23 7
5 24 9
5 25 7
5 26 9
6 7 10
6 8 9
6 9 9
6 10 10
6 11 8
6 12 10
6 13 10
6 14 6
6 16 6
6 17 5
6 18 10
6 19 10
6 20 7
6 21 9
6 22 5
6 23 7
6 25 7
6 26 9
7 8 9
7 9 9
7 11 8
7 12 7
7 13 7
7 14 9
7 15 7
7 16 9
7 17 6
7 18 7
7 19 5
7 20 7
7 21 9
7 22 7
7 23 5
7 24 7
7 25 5
7 26 8
8 9 9
8 10 6
8 11 10
8 12 10
8 13 6
8 14 7
8 15 8
8 16 8
8 17 9
8 19 6
8 20 9
8 21 5
8 22 9
8 24 6
8 26 9
9 10 9
9 11 7
9 12 7
9 13 8
9 14 5
9 15 8
9 16 9
9 17 8
9 19 10
9 20 7
9 21 10
9 22 9
9 23 5
9 24 6
9 26 6
10 11 5
10 12 5
10 13 6
10 14 10
10 15 5
10 16 7
10 17 8
10 18 5
10 19 8
10 20 10
10 21 8
10 22 7
10 23 10
10 24 8
10 25 5
10 26 6
11 12 8
11 13 7
11 14 6
11 15 10
11 16 9
11 17 9
11 18 10
11 19 9
11 21 7
11 22 10
11 23 6
11 24 8
11 25 9
11 26 7
12 13 8
12 15 5
12 16 10
12 17 8
12 18 8
12 19 8
12 20 7
12 21 5
12 22 6
12 23 5
12 24 10
12 25 5
12 26 5
13 14 6
13 15 8
13 16 5
13 17 5
13 18 7
13 19 5
13 20 10
13 21 5
13 22 7
13 23 5
13 24 9
13 25 9
13 26 7
14 15 9
14 16 10
14 17 7
14 18 6
14 19 5
14 20 6
14 21 6
14 22 7
14 23 6
14 24 9
14 25 5
14 26 9
15 16 5
15 17 8
15 18 5
15 19 6
15 20 10
15 21 5
15 23 7
15 24 5
15 25 9
15 26 10
16 17 5
16 18 9
16 19 8
16 20 7
16 21 10
16 22 6
16 23 8
16 24 8
16 25 8
16 26 5
17 18 9
17 19 6
17 20 6
17 21 9
17 22 6
17 23 9
17 24 5
17 25 10
17 26 5
18 19 8
18 20 6
18 21 7
18 22 5
18 23 7
18 24 8
18 25 9
18 26 8
19 20 6
19 21 9
19 22 8
19 23 10
19 24 5
19 25 8
19 26 7
20 21 9
20 22 10
20 23 6
20 24 7
20 25 9
20 26 5
21 22 10
21 23 10
21 24 8
21 25 6
21 26 9
22 23 7
22 24 10
22 25 6
22 26 8
23 24 10
23 25 8
23 26 5
24 25 7
24 26 7
25 26 5
