25 300 1000
0 9 9 10 7 6 9 4 4 8 7 7 5 5 9 3 1 8 3 8 3 4 6 5 0
1 2 5
1 3 7
1 4 5
1 5 7
1 6 9
1 7 9
1 8 9
1 9 5
1 10 6
1 11 5
1 12 10
1 13 8
1 14 9
1 15 10
1 16 10
1 17 5
1 18 6
1 19 10
1 20 6
1 21 7
1 22 5
1 23 5
1 24 9
1 25 10
2 3 5
2 4 8
2 5 6
2 6 7
2 7 8
2 8 5
2 9 9
2 10 8
2 11 8
2 12 5
2 13 5
2 14 9
2 15 10
2 16 5
2 17 10
2 18 9
2 19 7
2 20 5
2 21 10
2 22 9
2 23 9
2 24 8
2 25 10
3 4 6
3 5 7
3 6 8
3 7 10
3 8 7
3 9 10
3 10 7
3 11 10
3 12 9
3 13 10
3 14 8
3 15 8
3 16 7
3 17 6
3 18 7
3 19 9
3 20 6
3 21 5
3 22 10
3 23 7
3 24 10
3 25 10
4 5 9
4 6 7
4 7 10
4 8 10
4 9 6
4 10 8
4 11 9
4 12 9
4 13 6
4 14 7
4 15 9
4 16 9
4 17 8
4 18 6
4 19 7
4 20 8
4 21 10
4 22 10
4 23 9
4 24 6
4 25 10
5 6 5
5 7 6
5 8 8
5 9 8
5 10 10
5 11 7
5 12 9
5 13 10
5 14 7
5 15 6
5 16 7
5 17 9
5 18 7
5 19 10
5 20 10
5 21 10
5 22 9
5 23 5
5 24 8
5 25 6
6 7 10
6 8 8
6 9 7
6 10 8
6 11 6
6 12 6
6 13 7
6 14 10
6 15 6
6 16 6
6 17 7
6 18 7
6 19 7
6 20 8
6 21 5
6 22 7
6 23 7
6 24 5
6 25 10
7 8 7
7 9 9
7 10 6
7 11 6
7 12 6
7 13 10
7 14 8
7 15 5
7 16 8
7 17 5
7 18 5
7 19 7
7 20 6
7 21 8
7 22 9
7 23 9
7 24 6
7 25 9
8 9 6
8 10 9
8 11 8
8 12 9
8 13 10
8 14 10
8 15 5
8 16 7
8 17 6
8 18 5
8 19 7
8 20 6
8 21 7
8 22 9
8 23 8
8 24 7
8 25 7
9 10 8
9 11 10
9 12 6
9 13 9
9 14 5
9 15 7
9 16 10
9 17 10
9 18 7
9 19 8
9 20 7
9 21 10
9 22 6
9 23 10
9 24 9
9 25 9
10 11 8
10 12 7
10 13 7
10 14 10
10 15 10
10 16 9
10 17 6
10 18 9
10 19 10
10 20 8
10 21 7
10 22 8
10 23 8
10 24 8
10 25 7
11 12 9
11 13 9
11 14 6
11 15 8
11 16 5
11 17 8
11 18 5
11 19 7
11 20 9
11 21 8
11 22 6
11 23 10
11 24 7
11 25 9
12 13 10
12 14 8
12 15 8
12 16 5
12 17 9
12 18 10
12 19 8
12 20 5
12 21 8
12 22 8
12 23 9
12 24 7
12 25 6
13 14 9
13 15 8
13 16 5
13 17 9
13 18 8
13 19 8
13 20 5
13 21 8
13 22 9
13 23 7
13 24 5
13 25 9
14 15 5
14 16 10
14 17 10
14 18 9
14 19 8
14 20 8
14 21 5
14 22 10
14 23 5
14 24 8
14 25 9
15 16 6
15 17 9
15 18 8
15 19 7
15 20 6
15 21 10
15 22 10
15 23 8
15 24 6
15 25 5
16 17 7
16 18 7
16 19 5
16 20 10
16 21 9
16 22 7
16 23 6
16 24 9
16 25 9
17 18 5
17 19 5
17 20 10
17 21 5
17 22 9
17 23 5
17 24 7
17 25 8
18 19 5
18 20 9
18 21 7
18 22 7
18 23 6
18 24 5
18 25 6
19 20 10
19 21 9
19 22 9
19 23 9
19 24 10
19 25 10
20 21 9
20 22 9
20 23 8
20 24 5
20 25 7
21 22 6
21 23 8
21 24 10
21 25 6
22 23 5
22 24 7
22 25 10
23 24 9
23 25 6
24 25 10
