26 300 1000
0 6 5 8 5 0 1 6 9 4 3 5 1 7 7 7 4 3 4 3 0 2 6 7 9 0
1 2 7
1 3 7
1 4 7
1 5 10
1 6 7
1 7 5
1 8 7
1 9 7
1 10 5
1 11 6
1 12 7
1 13 10
1 14 5
1 15 7
1 16 8
1 18 9
1 19 7
1 20 6
1 21 5
1 22 5
1 23 6
1 25 6
2 4 6
2 5 10
2 6 9
2 7 6
2 8 10
2 9 10
2 10 7
2 11 5
2 12 8
2 13 9
2 15 6
2 16 7
2 17 10
2 18 8
2 19 8
2 21 9
2 22 9
2 23 9
2 25 8
3 6 9
3 7 5
3 8 9
3 9 7
3 10 7
3 11 9
3 12 7
3 13 10
3 14 5
3 15 8
3 16 5
3 19 5
3 20 10
3 21 5
3 22 10
3 23 9
3 24 10
3 26 7
4 5 8
4 6 5
4 7 8
4 8 6
4 9 5
4 10 7
4 11 8
4 12 8
4 13 10
4 14 7
4 15 9
4 16 10
4 18 5
4 19 5
4 20 8
4 21 6
4 22 10
4 23 8
4 25 10
4 26 8
5 6 10
5 7 9
5 8 10
5 9 7
5 10 5
5 11 6
5 12 8
5 13 9
5 14 7
5 15 10
5 16 5
5 17 7
5 18 5
5 19 9
5 20 6
5 21 5
5 22 10
5 23 10
5 24 6
5 25 9
5 26 7
6 7 10
6 8 5
6 9 5
6 10 7
6 11 8
6 13 9
6 14 5
6 16 5
6 17 7
6 18 6
6 20 10
6 21 9
6 22 10
6 23 6
6 24 7
6 25 10
6 26 9
7 8 10
7 9 8
7 10 9
7 11 9
7 12 6
7 13 8
7 14 9
7 16 6
7 17 6
7 18 10
7 19 5
7 20 7
7 21 8
7 22 8
7 23 10
7 24 7
7 25 9
7 26 6
8 9 9
8 10 10
8 11 8
8 12 9
8 13 5
8 14 6
8 15 7
8 16 7
8 18 6
8 19 9
8 20 7
8 21 6
8 22 10
8 23 9
8 24 6
8 25 10
8 26 10
9 11 5
9 12 8
9 14 7
9 15 7
9 16 7
9 17 5
9 18 5
9 19 5
9 20 7
9 21 5
9 22 5
9 23 5
9 24 8
9 25 5
10 11 9
10 12 6
10 13 6
10 14 7
10 15 10
10 17 5
10 18 7
10 19 9
10 20 9
10 21 7
10 22 6
10 23 5
10 24 10
10 25 7
10 26 7
11 12 8
11 13 6
11 14 9
11 15 8
11 16 7
11 17 6
11 18 6
11 19 10
11 20 5
11 21 8
11 22 9
11 23 8
11 24 9
11 25 8
11 26 10
12 13 6
12 14 10
12 15 7
12 16 8
12 17 6
12 18 8
12 19 10
12 20 9
12 21 10
12 22 5
12 23 10
12 24 9
12 25 8
12 26 7
13 14 8
13 15 9
13 16 9
13 17 10
13 18 6
13 19 9
13 20 10
13 21 10
13 22 5
13 24 10
13 25 5
13 26 6
14 15 10
14 16 9
14 17 7
14 18 8
14 19 9
14 20 8
14 21 5
14 22 6
14 23 9
14 24 6
14 25 8
14 26 8
15 16 8
15 17 7
15 18 9
15 19 10
15 20 5
15 21 6
15 22 5
15 23 10
15 24 9
15 25 9
15 26 5
16 17 6
16 18 10
16 19 6
16 20 7
16 21 9
16 22 7
16 23 6
16 24 9
16 25 9
16 26 7
17 18 10
17 19 7
17 20 10
17 21 8
17 22 6
17 23 7
17 24 5
17 25 9
17 26 8
18 19 7
18 20 9
18 21 10
18 22 10
18 23 10
18 24 8
18 25 5
18 26 9
19 20 7
19 21 10
19 22 7
19 23 10
19 24 10
19 25 7
19 26 8
20 21 8
20 22 6
20 23 6
20 24 9
20 25 7
20 26 5
21 22 7
21 23 10
21 24 8
21 25 8
21 26 8
22 23 5
22 24 10
22 25 9
22 26 10
23 24 9
23 25 8
23 26 6
24 25 8
24 26 7
25 26 5
