26 300 1000
0 7 3 9 10 1 9 7 2 8 9 1 2 4 0 7 8 1 8 1 2 9 5 5 5 0
1 2 5
1 3 10
1 4 5
1 5 6
1 6 7
1 7 5
1 8 8
1 11 8
1 12 10
1 13 7
1 14 8
1 15 9
1 16 8
1 17 9
1 18 10
1 19 10
1 20 8
1 22 7
1 23 5
1 24 10
1 25 6
1 26 8
2 3 6
2 4 8
2 5 6
2 7 6
2 9 10
2 10 5
2 11 6
2 12 9
2 14 9
2 15 9
2 16 5
2 17 6
2 19 10
2 20 9
2 21 8
2 22 8
2 25 6
2 26 9
3 4 7
3 5 8
3 6 7
3 7 8
3 9 9
3 10 5
3 11 10
3 12 9
3 13 10
3 14 10
3 15 6
3 16 8
3 17 10
3 18 5
3 19 10
3 20 6
3 21 10
3 22 7
3 23 7
3 24 8
4 5 9
4 6 5
4 7 10
4 8 10
4 9 5
4 10 10
4 11 7
4 12 8
4 13 5
4 15 10
4 16 7
4 17 7
4 19 8
4 21 5
4 22 10
4 23 7
4 24 7
4 25 7
4 26 6
5 6 7
5 7 7
5 8 7
5 9 6
5 10 10
5 11 7
5 12 9
5 14 6
5 15 8
5 17 7
5 18 5
5 19 10
5 20 8
5 21 10
5 22 7
5 23 10
5 24 10
5 25 8
5 26 6
6 7 6
6 8 8
6 9 8
6 10 5
6 11 7
6 12 8
6 13 8
6 14 5
6 15 9
6 16 7
6 17 6
6 18 7
6 19 6
6 20 7
6 21 6
6 22 8
6 23 5
6 24 8
6 25 9
6 26 8
7 8 9
7 9 6
7 11 8
7 12 10
7 13 9
7 14 6
7 16 6
7 17 6
7 18 7
7 19 5
7 20 5
7 22 8
7 23 8
7 24 6
7 25 8
7 26 6
8 10 5
8 11 10
8 12 9
8 13 6
8 14 8
8 15 6
8 16 10
8 17 5
8 18 6
8 19 10
8 20 8
8 21 7
8 22 6
8 23 6
8 25 9
8 26 6
9 10 5
9 11 6
9 12 10
9 13 9
9 14 10
9 15 9
9 16 7
9 17 6
9 18 10
9 19 8
9 20 9
9 21 6
9 22 5
9 23 5
9 24 10
9 25 10
9 26 9
10 11 5
10 12 8
10 13 10
10 14 9
10 15 10
10 16 10
10 17 9
10 18 5
10 19 5
10 20 10
10 21 9
10 22 10
10 23 9
10 24 10
10 25 6
10 26 8
11 12 9
11 13 7
11 14 5
11 15 8
11 16 5
11 17 5
11 18 5
11 19 5
11 20 10
11 21 7
11 22 10
11 23 5
11 24 6
11 25 7
11 26 9
12 13 7
12 14 8
12 15 8
12 16 6
12 17 8
12 18 8
12 19 7
12 20 10
12 21 10
12 22 8
12 23 5
12 24 5
12 25 5
12 26 8
13 14 10
13 16 8
13 17 5
13 18 8
13 21 7
13 22 6
13 23 6
13 24 6
13 25 6
13 26 8
14 15 6
14 16 9
14 17 5
14 18 7
14 19 9
14 20 6
14 21 10
14 22 10
14 23 7
14 24 8
14 25 9
14 26 8
15 16 8
15 17 5
15 18 7
15 19 8
15 20 7
15 21 5
15 22 10
15 23 9
15 24 7
15 25 6
15 26 8
16 17 5
16 18 9
16 19 7
16 20 5
16 21 5
16 22 8
16 23 6
16 24 9
16 25 8
16 26 7
17 18 10
17 19 6
17 20 5
17 21 8
17 22 8
17 23 10
17 24 5
17 25 7
17 26 9
18 19 7
18 20 6
18 21 7
18 22 5
18 23 7
18 24 8
18 25 8
18 26 9
19 20 7
19 21 5
19 22 7
19 23 7
19 24 10
19 25 8
19 26 8
20 21 8
20 22 8
20 23 8
20 24 6
20 25 10
20 26 9
21 22 7
21 23 10
21 24 9
21 25 10
21 26 7
22 23 10
22 24 6
22 25 10
22 26 6
23 24 9
23 25 10
23 26 8
24 25 8
24 26 7
25 26 10
