28 300 1000
0 7 4 8 1 4 5 3 6 4 4 7 1 1 8 6 6 3 5 8 5 6 2 4 4 10 10 0
1 3 8
1 5 9
1 7 8
1 8 6
1 10 9
1 13 7
1 15 5
1 17 9
1 18 7
1 20 5
1 21 5
1 23 10
1 24 5
1 25 8
1 26 10
1 27 5
1 28 8
2 3 10
2 5 9
2 6 9
2 7 7
2 8 9
2 9 5
2 10 5
2 11 8
2 12 9
2 13 6
2 14 10
2 16 9
2 17 6
2 18 8
2 19 9
2 20 10
2 22 9
2 23 8
2 24 6
2 26 10
2 28 7
3 4 10
3 7 6
3 8 10
3 9 8
3 10 9
3 12 10
3 15 8
3 16 5
3 17 10
3 19 6
3 20 6
3 23 5
3 24 7
3 26 6
3 27 7
3 28 6
4 5 6
4 6 10
4 7 6
4 8 5
4 9 9
4 10 7
4 14 5
4 15 7
4 16 8
4 17 8
4 18 7
4 19 8
4 20 8
4 21 8
4 22 10
4 23 10
4 24 6
4 25 10
4 26 8
4 27 6
4 28 9
5 6 6
5 7 6
5 9 5
5 10 6
5 12 5
5 13 5
5 14 10
5 18 10
5 19 8
5 21 5
5 22 7
5 26 7
5 27 7
5 28 10
6 7 7
6 8 10
6 9 7
6 10 7
6 11 5
6 13 6
6 14 7
6 15 9
6 20 6
6 21 8
6 23 6
6 24 10
6 28 10
7 8 7
7 9 8
7 10 7
7 13 10
7 14 5
7 15 7
7 17 5
7 20 9
7 21 9
7 23 10
7 24 5
7 25 9
7 26 8
7 27 7
8 9 5
8 10 6
8 12 10
8 13 7
8 14 7
8 15 6
8 16 8
8 18 7
8 19 8
8 20 9
8 21 8
8 22 8
8 25 7
8 27 10
8 28 6
9 10 8
9 12 10
9 13 8
9 14 5
9 15 6
9 16 9
9 17 9
9 18 7
9 19 5
9 20 7
9 21 8
9 22 5
9 23 9
9 24 10
9 25 9
9 27 10
9 28 10
10 12 5
10 13 9
10 14 6
10 15 8
10 16 9
10 17 5
10 18 8
10 19 6
10 20 8
10 21 10
10 22 10
10 23 5
10 24 8
10 27 8
10 28 6
11 12 7
11 14 6
11 15 7
11 16 5
11 17 8
11 18 5
11 19 9
11 20 6
11 21 5
11 22 9
11 23 6
11 24 7
11 25 7
11 26 7
11 27 7
11 28 7
12 13 7
12 14 9
12 16 10
12 18 7
12 19 6
12 20 8
12 21 8
12 22 9
12 23 8
12 24 9
12 25 9
12 26 7
12 27 10
12 28 10
13 14 8
13 15 8
13 16 6
13 18 7
13 19 5
13 24 10
13 25 9
13 26 6
13 27 8
14 15 5
14 16 10
14 17 8
14 18 10
14 19 10
14 20 9
14 21 5
14 22 7
14 23 7
14 24 8
14 25 7
14 26 5
14 27 10
14 28 6
15 16 9
15 17 6
15 18 9
15 19 9
15 20 6
15 21 7
15 22 8
15 23 8
15 24 8
15 25 8
15 26 10
15 27 5
16 17 10
16 18 10
16 19 8
16 20 9
16 21 5
16 22 9
16 25 6
16 26 6
16 27 10
16 28 8
17 18 8
17 19 6
17 20 6
17 21 9
17 22 9
17 23 7
17 24 8
17 25 7
17 27 10
17 28 7
18 19 9
18 20 9
18 21 6
18 22 6
18 24 8
18 25 9
18 27 9
19 20 9
19 21 5
19 22 8
19 23 9
19 24 10
19 25 7
19 26 7
19 27 8
19 28 7
20 21 6
20 22 6
20 23 5
20 24 7
20 25 6
20 26 8
20 27 7
20 28 9
21 22 6
21 23 6
21 24 5
21 25 6
21 26 8
21 27 6
21 28 5
22 23 7
22 24 6
22 25 9
22 26 8
22 27 6
22 28 9
23 24 7
23 25 8
23 26 10
23 27 7
23 28 8
24 25 9
24 26 9
24 27 10
24 28 9
25 26 8
25 27 6
25 28 7
26 27 5
26 28 7
27 28 9
