26 300 1000
0 0 5 7 2 0 8 4 4 10 5 2 0 0 2 2 5 4 3 4 9 5 8 10 9 0
1 2 9
1 3 9
1 4 5
1 5 9
1 6 6
1 7 9
1 8 8
1 10 5
1 11 6
1 12 5
1 13 9
1 14 8
1 15 8
1 16 7
1 17 7
1 18 6
1 20 9
1 21 7
1 22 7
1 24 6
1 25 6
1 26 9
2 3 8
2 4 7
2 6 6
2 7 6
2 8 6
2 9 5
2 10 6
2 11 6
2 13 9
2 14 9
2 15 5
2 16 6
2 17 8
2 19 10
2 20 8
2 21 9
2 22 10
2 23 10
2 26 5
3 4 10
3 5 10
3 6 10
3 9 5
3 10 8
3 11 9
3 12 8
3 13 7
3 14 7
3 16 10
3 20 6
3 21 8
3 22 10
3 23 5
3 24 7
3 25 7
3 26 5
4 5 5
4 6 7
4 8 10
4 10 10
4 11 6
4 12 5
4 13 7
4 14 7
4 15 5
4 16 10
4 17 5
4 18 8
4 19 7
4 20 9
4 21 10
4 23 8
4 24 5
4 25 6
4 26 5
5 6 10
5 7 8
5 8 9
5 9 10
5 11 6
5 12 10
5 13 6
5 14 7
5 15 7
5 16 10
5 17 5
5 18 5
5 19 6
5 20 9
5 21 6
5 22 10
5 23 5
5 24 9
5 25 9
5 26 6
6 7 7
6 8 7
6 9 9
6 10 6
6 11 8
6 12 5
6 13 7
6 14 7
6 15 5
6 16 9
6 17 10
6 18 10
6 19 7
6 20 6
6 21 7
6 22 8
6 23 9
6 24 10
6 25 10
6 26 5
7 8 8
7 9 6
7 12 8
7 13 6
7 14 6
7 16 6
7 17 10
7 18 9
7 19 5
7 20 9
7 21 10
7 22 5
7 23 8
7 24 8
7 25 6
7 26 7
8 9 9
8 10 5
8 11 6
8 12 8
8 13 10
8 14 8
8 15 7
8 16 5
8 17 10
8 18 6
8 19 7
8 20 8
8 21 8
8 22 9
8 23 10
8 24 7
8 25 8
8 26 9
9 11 9
9 12 10
9 13 5
9 14 9
9 15 6
9 16 7
9 17 10
9 18 8
9 19 6
9 20 9
9 21 10
9 22 9
9 23 6
9 24 6
9 25 6
9 26 10
10 12 9
10 13 10
10 14 6
10 15 8
10 16 9
10 17 7
10 18 10
10 19 10
10 20 7
10 21 10
10 22 6
10 23 7
10 24 10
10 25 9
10 26 7
11 12 6
11 13 7
11 14 6
11 15 7
11 16 7
11 17 8
11 18 5
11 19 5
11 20 6
11 21 9
11 22 9
11 23 8
11 24 6
11 25 5
11 26 5
12 13 9
12 14 6
12 15 9
12 16 5
12 17 7
12 18 6
12 19 10
12 20 8
12 21 7
12 22 6
12 23 8
12 24 10
12 25 10
12 26 10
13 14 8
13 15 9
13 16 9
13 17 8
13 18 5
13 19 7
13 20 7
13 21 10
13 22 5
13 23 10
13 24 10
13 25 8
14 15 8
14 16 7
14 17 5
14 18 7
14 19 5
14 20 8
14 21 7
14 22 5
14 23 10
14 24 5
14 25 5
14 26 9
15 16 5
15 17 6
15 18 7
15 19 9
15 20 9
15 21 10
15 22 7
15 23 7
15 24 9
15 25 10
15 26 5
16 17 7
16 18 7
16 19 5
16 20 8
16 21 5
16 22 10
16 23 10
16 24 9
16 25 9
16 26 8
17 18 8
17 19 9
17 20 10
17 22 5
17 23 7
17 24 7
17 25 8
17 26 8
18 19 5
18 20 10
18 21 5
18 22 9
18 23 6
18 24 9
18 25 6
18 26 7
19 20 10
19 21 6
19 22 8
19 23 5
19 24 9
19 25 10
19 26 7
20 21 8
20 22 6
20 23 8
20 24 6
20 25 10
20 26 5
21 22 6
21 23 5
21 24 7
21 25 8
21 26 9
22 23 7
22 24 10
22 25 9
22 26 8
23 24 8
23 25 7
23 26 10
24 25 9
24 26 8
25 26 6
