29 300 1000
0 7 1 4 0 6 1 4 2 5 4 6 3 1 3 10 8 1 10 1 6 2 2 5 5 0 3 2 0
1 2 8
1 3 8
1 4 7
1 6 9
1 9 7
1 11 9
1 12 7
1 13 9
1 14 6
1 15 5
1 17 10
1 19 6
1 20 9
1 22 7
1 24 8
1 28 7
2 3 6
2 6 7
2 7 7
2 8 5
2 10 8
2 11 8
2 13 7
2 14 9
2 16 8
2 18 6
2 19 6
2 20 8
2 21 10
2 22 5
2 25 6
2 26 6
2 27 10
3 4 10
3 5 9
3 6 8
3 8 8
3 9 6
3 10 5
3 11 6
3 12 6
3 13 10
3 14 10
3 17 5
3 19 9
3 20 5
3 21 8
3 22 6
3 23 5
3 24 10
3 25 10
3 26 7
3 27 6
3 28 7
3 29 9
4 6 5
4 7 10
4 9 10
4 11 5
4 12 5
4 13 6
4 14 9
4 15 7
4 17 7
4 20 5
4 21 8
4 22 6
4 23 9
4 24 9
4 25 10
4 26 6
4 28 5
5 7 6
5 8 5
5 9 6
5 11 8
5 14 9
5 15 7
5 17 7
5 18 6
5 19 7
5 20 10
5 23 10
5 24 8
5 26 5
5 29 9
6 7 7
6 8 9
6 9 6
6 10 7
6 11 5
6 14 7
6 16 10
6 17 5
6 18 7
6 19 5
6 20 8
6 21 10
6 22 7
6 27 6
6 28 5
7 9 5
7 10 6
7 12 8
7 13 10
7 15 7
7 19 7
7 20 5
7 21 8
7 24 7
7 25 8
7 26 6
7 29 10
8 9 10
8 11 9
8 13 9
8 14 6
8 15 8
8 17 8
8 20 7
8 23 8
8 24 8
8 27 9
8 28 9
8 29 8
9 10 8
9 11 6
9 12 6
9 13 10
9 14 6
9 17 5
9 19 7
9 20 8
9 21 6
9 23 10
9 26 5
9 27 8
9 28 10
9 29 7
10 13 9
10 14 5
10 16 7
10 19 6
10 20 9
10 21 9
10 22 7
10 23 5
10 24 9
10 29 7
11 12 8
11 13 6
11 14 9
11 15 10
11 16 7
11 17 10
11 19 9
11 22 9
11 23 6
11 26 5
11 27 7
11 28 7
11 29 8
12 13 6
12 14 6
12 16 8
12 17 8
12 18 7
12 19 10
12 21 10
12 22 8
12 23 8
12 24 7
12 25 6
12 26 9
12 27 9
12 28 6
12 29 9
13 15 5
13 16 9
13 17 10
13 18 6
13 19 8
13 20 8
13 21 8
13 22 7
13 23 9
13 25 6
13 26 9
13 27 9
13 28 5
13 29 5
14 15 5
14 18 6
14 19 8
14 20 7
14 21 7
14 22 6
14 23 7
14 24 5
14 25 7
14 26 6
14 27 10
14 28 9
14 29 7
15 16 9
15 18 6
15 19 7
15 20 5
15 21 8
15 22 7
15 23 8
15 25 9
15 26 9
15 27 10
15 28 8
15 29 9
16 17 8
16 18 10
16 20 5
16 21 7
16 22 9
16 23 8
16 24 6
16 25 6
16 26 7
16 27 5
16 28 8
16 29 7
17 18 7
17 19 6
17 20 8
17 21 9
17 22 7
17 23 6
17 24 9
17 25 8
17 26 8
17 28 6
17 29 9
18 19 10
18 20 6
18 22 7
18 23 5
18 24 9
18 25 6
18 26 10
18 27 8
18 28 8
18 29 9
19 20 6
19 21 10
19 22 9
19 23 6
19 25 8
19 26 6
19 27 7
19 28 6
19 29 7
20 21 7
20 23 5
20 24 5
20 25 5
20 26 7
20 27 10
20 28 7
20 29 8
21 22 6
21 23 8
21 24 9
21 25 8
21 26 6
21 27 8
22 23 8
22 24 9
22 25 8
22 26 8
22 27 9
22 28 10
22 29 5
23 24 7
23 25 6
23 26 6
23 27 9
23 28 9
23 29 6
24 25 5
24 26 7
24 27 8
24 28 10
24 29 7
25 26 7
25 27 9
25 28 8
25 29 8
26 27 5
26 28 5
26 29 5
27 28 8
27 29 5
28 29 5
