28 300 1000
0 0 2 2 4 2 8 4 2 1 3 6 7 9 3 5 6 7 8 10 6 4 5 3 6 1 5 0
1 4 6
1 5 7
1 6 10
1 8 8
1 10 9
1 11 10
1 12 5
1 13 7
1 15 7
1 16 10
1 17 7
1 18 10
1 19 10
1 21 6
1 22 8
1 24 5
1 25 6
1 26 5
1 27 6
1 28 10
2 3 9
2 5 6
2 6 7
2 9 8
2 12 6
2 13 7
2 15 8
2 16 7
2 17 8
2 19 9
2 25 8
2 26 9
2 27 6
2 28 8
3 6 7
3 7 9
3 9 9
3 11 7
3 12 10
3 13 6
3 14 9
3 16 9
3 17 10
3 18 7
3 19 5
3 21 8
3 23 8
3 27 6
3 28 10
4 5 7
4 6 8
4 7 9
4 9 8
4 12 6
4 13 6
4 14 8
4 15 8
4 16 5
4 17 5
4 18 7
4 19 10
4 20 5
4 21 10
4 23 8
4 25 6
4 27 6
4 28 6
5 6 10
5 9 9
5 10 10
5 11 8
5 15 7
5 16 7
5 17 9
5 19 6
5 20 6
5 22 7
5 23 7
5 24 5
5 25 6
5 27 8
5 28 5
6 7 5
6 8 7
6 9 8
6 10 9
6 13 10
6 14 7
6 16 10
6 18 7
6 19 7
6 20 9
6 21 10
6 22 5
6 23 7
6 26 9
6 27 6
6 28 7
7 8 5
7 9 9
7 10 5
7 11 7
7 12 8
7 13 9
7 15 10
7 16 8
7 17 10
7 20 5
7 21 5
7 22 9
7 23 8
7 24 9
7 25 5
7 27 9
7 28 10
8 10 8
8 11 7
8 12 6
8 14 5
8 16 10
8 17 9
8 19 6
8 21 6
8 22 6
8 24 9
8 25 7
8 26 9
8 27 7
9 10 10
9 11 9
9 12 5
9 14 7
9 15 8
9 17 5
9 18 7
9 19 8
9 20 5
9 21 5
9 22 5
9 24 10
9 25 6
9 26 10
9 27 10
9 28 6
10 11 7
10 12 6
10 13 10
10 14 9
10 15 10
10 16 8
10 17 6
10 18 8
10 20 5
10 21 7
10 22 5
10 24 8
10 25 8
10 26 5
10 27 9
10 28 8
11 12 6
11 14 9
11 15 9
11 16 5
11 17 10
11 18 9
11 20 5
11 21 5
11 23 6
11 24 9
11 25 9
11 26 7
11 28 10
12 13 5
12 14 5
12 15 8
12 17 5
12 18 10
12 19 9
12 20 7
12 21 6
12 22 5
12 23 10
12 24 9
12 25 8
12 26 10
12 27 5
12 28 9
13 14 5
13 15 9
13 16 8
13 18 5
13 19 9
13 20 6
13 21 5
13 22 7
13 24 5
13 25 9
13 26 9
13 27 7
13 28 9
14 15 8
14 16 7
14 17 7
14 19 9
14 20 7
14 21 9
14 22 9
14 23 9
14 24 10
14 25 5
14 26 7
14 27 5
14 28 9
15 16 7
15 17 8
15 18 10
15 19 5
15 20 6
15 22 6
15 23 6
15 24 5
15 25 6
15 27 10
16 17 9
16 18 6
16 19 7
16 20 9
16 21 10
16 22 9
16 23 10
16 24 10
16 25 5
16 26 7
16 27 5
16 28 8
17 19 7
17 20 6
17 21 7
17 22 9
17 23 5
17 24 7
17 25 5
17 26 9
17 27 9
18 19 10
18 20 5
18 21 7
18 22 6
18 23 9
18 24 6
18 25 7
18 26 10
18 27 7
18 28 7
19 20 7
19 21 9
19 22 9
19 23 8
19 24 10
19 25 8
19 26 7
19 27 8
19 28 10
20 21 9
20 22 7
20 23 7
20 24 10
20 25 9
20 26 10
20 27 10
20 28 7
21 22 8
21 23 7
21 24 5
21 25 7
21 26 5
21 27 5
21 28 5
22 23 6
22 24 9
22 25 5
22 26 5
22 27 7
22 28 10
23 24 10
23 25 5
23 26 6
23 27 6
23 28 8
24 25 9
24 26 7
24 27 7
24 28 9
25 26 7
25 27 8
25 28 5
26 27 6
26 28 6
27 28 6
