28 300 1000
0 0 6 0 2 5 4 10 3 6 7 8 8 4 6 3 7 4 8 1 3 0 4 0 0 8 2 0
1 2 10
1 3 10
1 4 6
1 5 5
1 7 5
1 8 5
1 9 5
1 10 6
1 11 8
1 13 5
1 14 9
1 15 9
1 16 7
1 17 10
1 18 10
1 19 7
1 21 9
1 22 7
1 23 7
1 24 6
1 26 10
1 28 9
2 4 5
2 6 10
2 8 7
2 11 8
2 12 5
2 13 9
2 15 6
2 16 6
2 17 6
2 18 8
2 21 8
2 23 10
2 25 5
2 27 8
2 28 10
3 4 5
3 5 10
3 6 5
3 7 10
3 8 6
3 9 5
3 11 6
3 12 8
3 14 7
3 15 10
3 16 6
3 17 7
3 18 10
3 19 7
3 20 10
3 21 5
3 23 5
3 24 5
3 26 6
4 5 9
4 6 7
4 7 8
4 8 7
4 11 5
4 12 9
4 13 7
4 14 9
4 15 9
4 17 10
4 19 5
4 20 9
4 21 7
4 23 10
4 24 8
4 25 7
4 26 7
4 28 10
5 6 6
5 8 9
5 14 9
5 15 7
5 17 8
5 19 8
5 22 6
5 23 7
5 26 8
5 27 7
6 7 7
6 8 6
6 9 8
6 10 6
6 11 7
6 12 6
6 14 8
6 15 6
6 16 6
6 17 6
6 18 7
6 19 6
6 20 5
6 21 10
6 22 6
6 23 10
6 24 7
6 27 10
6 28 7
7 8 7
7 9 8
7 10 6
7 11 9
7 12 8
7 14 9
7 15 8
7 18 5
7 19 7
7 21 7
7 23 8
7 24 10
7 26 10
7 27 5
8 9 8
8 10 8
8 11 9
8 12 8
8 13 9
8 14 5
8 15 10
8 16 7
8 17 7
8 18 7
8 19 5
8 20 8
8 21 8
8 22 9
8 23 7
8 24 6
8 25 8
8 28 6
9 10 5
9 11 7
9 12 6
9 13 5
9 14 8
9 15 5
9 16 7
9 17 5
9 19 5
9 20 7
9 21 7
9 23 7
9 25 5
9 27 5
9 28 9
10 11 5
10 12 9
10 13 9
10 14 6
10 15 6
10 16 8
10 17 9
10 18 8
10 19 10
10 22 7
10 23 5
10 24 7
10 25 6
10 26 10
10 28 6
11 12 7
11 13 8
11 14 9
11 15 10
11 16 10
11 17 6
11 18 7
11 19 9
11 20 5
11 23 6
11 24 5
11 25 9
11 26 10
11 27 9
11 28 8
12 13 10
12 14 6
12 15 8
12 16 9
12 17 10
12 18 5
12 19 8
12 20 7
12 22 10
12 23 5
12 26 10
12 27 10
12 28 7
13 14 7
13 16 8
13 18 5
13 19 10
13 20 5
13 21 9
13 22 8
13 23 7
13 25 9
13 26 6
13 28 6
14 15 7
14 16 8
14 17 10
14 18 6
14 19 7
14 22 6
14 23 5
14 24 5
14 26 8
14 28 8
15 16 10
15 17 9
15 18 7
15 19 6
15 21 9
15 23 9
15 24 7
15 25 10
15 26 9
15 27 5
15 28 10
16 17 7
16 18 10
16 19 9
16 20 10
16 21 5
16 22 6
16 23 9
16 24 10
16 26 8
16 27 8
16 28 7
17 18 8
17 19 8
17 20 10
17 21 10
17 22 5
17 23 5
17 24 6
17 25 8
17 26 5
17 27 5
17 28 9
18 19 9
18 20 7
18 21 10
18 22 7
18 23 10
18 24 10
18 25 6
18 27 5
18 28 5
19 20 8
19 21 6
19 22 8
19 23 6
19 24 6
19 25 10
19 27 8
19 28 6
20 21 7
20 22 9
20 23 5
20 24 8
20 25 9
20 26 8
20 27 9
20 28 5
21 22 10
21 23 6
21 24 10
21 25 7
21 26 10
21 27 9
21 28 7
22 23 5
22 24 9
22 25 7
22 26 10
22 27 5
22 28 5
23 24 7
23 25 5
23 26 10
23 27 10
23 28 8
24 25 10
24 26 8
24 27 10
24 28 6
25 26 7
25 27 9
25 28 9
26 27 8
26 28 7
27 28 7
