15 99 946
0 4 7 8 4 8 6 10 9 5 4 9 3 3 0
1 2 80
1 3 46
1 5 19
1 6 78
1 8 22
1 9 79
1 10 9
1 11 6
1 12 49
1 13 96
1 14 31
1 15 84
2 3 61
2 4 23
2 5 43
2 8 85
2 9 74
2 10 29
2 11 86
2 12 28
2 13 58
2 14 77
2 15 31
3 4 80
3 5 37
3 6 89
3 8 22
3 9 75
3 10 88
3 11 69
3 12 66
3 13 60
3 14 17
3 15 10
4 5 92
4 6 70
4 7 5
4 8 52
4 9 82
4 10 63
4 11 59
4 12 5
4 13 5
4 14 18
4 15 47
5 6 16
5 7 11
5 8 29
5 9 48
5 10 30
5 11 77
5 12 52
5 13 33
5 14 44
5 15 42
6 7 60
6 8 91
6 9 11
6 10 19
6 11 80
6 12 10
6 13 63
6 14 77
6 15 32
7 8 76
7 9 65
7 11 82
7 12 77
7 13 86
7 14 29
7 15 48
8 9 79
8 10 46
8 11 53
8 12 72
8 13 15
8 14 49
8 15 28
9 10 80
9 11 77
9 12 79
9 13 59
9 14 82
9 15 91
10 11 74
10 12 79
10 13 75
10 14 63
10 15 59
11 12 73
11 13 44
11 14 85
11 15 77
12 13 77
12 14 93
12 15 11
13 14 96
13 15 83
14 15 85
140
0 4 6 3 11 6 3 11 6 3 11 6 3 11 6 3 11 6 3 11 6 3 11 6 3 11 6 3 11 6 3 11 6 3 11 6 3 11 6 3 11 6 3 11 6 3 11 6 3 11 6 3 11 6 3 11 6 3 11 6 3 11 6 3 11 6 3 11 6 3 11 6 3 11 6 3 11 6 3 11 6 3 11 6 3 11 6 3 11 6 3 11 6 3 11 6 3 11 6 3 11 6 3 11 6 3 11 6 3 11 6 3 11 6 3 11 6 3 11 6 3 11 6 3 11 6 3 11 6 3 11 6 3 11 6 3 11 3 11 14 
