99
-60 -3 10
8 -2 10
-50 -3
-50 -3
-50 -3
-50 -3
-50 -3
-50 -3
-50 -3
-50 -3
-50 -3
-50 -3
-50 -3
-50 -3
-50 -3
-50 -3
-50 -3
-50 -3
-50 -3
-50 -3
-50 -3
-50 -3
-50 -3
-50 -3
-50 -3
-50 -3
-50 -3
-50 -3
-50 -3
-50 -3
-50 -3
-50 -3
-50 -3
-50 -3
-50 -3
-50 -3
-50 -3
-50 -3
-50 -3
-50 -3
-50 -3
-50 -3
-50 -3
-50 -3
-50 -3
-50 -3
-50 -3
-50 -3
-50 -3
-50 -3
-50 -3
-50 -3
-50 -3
-50 -3
-50 -3
-50 -3
-50 -3
-50 -3
-50 -3
-50 -3
-50 -3
-50 -3
-50 -3
-50 -3
-50 -3
-50 -3
-50 -3
-50 -3
-50 -3
-50 -3
-50 -3
-50 -3
-50 -3
-50 -3
-50 -3
-50 -3
-50 -3
-50 -3
-50 -3
-50 -3
-50 -3
-50 -3
-50 -3
-50 -3
-50 -3
-50 -3
-50 -3
-50 -3
-50 -3
-50 -3
-50 -3
-50 -3
-50 -3
-50 -3
-50 -3
-50 -3
-50 -3
-50 -3
-50 -3
-50 -3
-50 -3
18 -2
18 -2
18 -2
18 -2
18 -2
18 -2
18 -2
18 -2
18 -2
18 -2
18 -2
18 -2
18 -2
18 -2
18 -2
18 -2
18 -2
18 -2
18 -2
18 -2
18 -2
18 -2
18 -2
18 -2
18 -2
18 -2
18 -2
18 -2
18 -2
18 -2
18 -2
18 -2
18 -2
18 -2
18 -2
18 -2
18 -2
18 -2
18 -2
18 -2
18 -2
18 -2
18 -2
18 -2
18 -2
18 -2
18 -2
18 -2
18 -2
18 -2
18 -2
18 -2
18 -2
18 -2
18 -2
18 -2
18 -2
18 -2
18 -2
18 -2
18 -2
18 -2
18 -2
18 -2
18 -2
18 -2
18 -2
18 -2
18 -2
18 -2
18 -2
18 -2
18 -2
18 -2
18 -2
18 -2
18 -2
18 -2
18 -2
18 -2
18 -2
18 -2
18 -2
18 -2
18 -2
18 -2
18 -2
18 -2
18 -2
18 -2
18 -2
18 -2
18 -2
18 -2
18 -2
18 -2
18 -2
18 -2
18 -2
