85
101 -5 45
-101 -3 31
72 35
62 -28
89 -68
159 -25
112 49
82 37
98 -61
104 56
159 -21
60 33
89 53
63 -58
92 45
144 23
154 -13
163 2
95 -54
143 -30
60 29
39 8
116 -67
161 -5
149 -36
163 14
37 -16
84 -58
125 -46
139 -31
40 5
115 38
131 33
59 -27
72 -42
77 -44
58 16
49 22
54 -9
58 31
150 -23
57 24
51 -15
79 -61
39 -20
69 50
95 -54
104 -69
154 23
46 -40
37 -8
96 -56
51 29
137 41
116 41
55 -15
64 41
140 42
93 -60
84 54
158 -30
162 9
61 40
152 -9
145 33
103 44
86 53
154 10
147 20
80 -59
112 51
104 46
160 0
119 -50
90 44
141 32
43 -10
61 -32
131 44
59 -43
51 -5
114 51
133 -41
85 -56
46 -22
64 -37
101 40
-70 25
-121 26
-91 29
-129 -21
-120 35
-113 -48
-59 12
-87 26
-64 17
-133 -42
-134 20
-89 35
-124 30
-62 14
-58 -6
-58 16
-66 11
-94 -43
-134 -22
-146 -7
-84 -50
-123 41
-150 -14
-54 9
-60 -7
-79 28
-139 22
-72 -14
-62 -26
-88 29
-133 12
-134 28
-134 -12
-95 39
-148 -4
-81 -34
-150 5
-79 33
-119 -37
-128 -28
-70 -43
-98 -34
-123 -37
-83 32
-144 -27
-99 44
-64 20
-143 -22
-85 -35
-56 -3
-55 -22
-53 0
-53 -11
-65 29
-138 -8
-92 -38
-59 -22
-146 11
-133 4
-121 37
-101 40
-101 45
-124 -40
-133 -34
-61 6
-92 -38
-65 -15
-120 34
-128 -30
-63 -22
-90 -32
-79 -38
-138 22
-86 42
-131 -23
-78 -44
-77 -29
-76 34
-129 25
-147 4
-135 4
-146 20
-137 -16
-99 -39
-119 -30
