80
102 -5 31
-99 -3 50
125 27
101 33
77 -28
107 -36
53 -7
143 7
113 -50
119 -34
107 -46
125 32
143 16
139 -15
77 15
150 0
106 38
64 -17
145 -8
133 -5
69 -20
73 18
64 15
140 -31
135 15
143 16
90 30
85 33
111 26
111 -49
144 20
132 -20
81 -39
95 -49
125 -43
139 -6
71 -14
147 2
70 20
134 13
61 -31
91 -52
100 31
97 -40
142 -7
64 5
83 -34
86 -50
147 -10
61 -33
140 -12
130 -41
140 -11
118 30
111 -35
126 -29
109 45
70 -15
144 -16
124 19
134 0
106 40
63 3
73 -33
147 -28
69 -44
142 20
84 -45
145 -30
101 -54
93 -50
82 -42
87 -42
77 19
129 -47
138 18
102 31
79 26
148 -9
149 -12
127 -46
140 -4
-133 48
-106 65
-99 -70
-49 -30
-43 -44
-41 31
-144 28
-145 -49
-51 33
-76 59
-71 -65
-149 -34
-74 -67
-102 48
-57 26
-48 -31
-151 -47
-55 39
-145 27
-89 -68
-39 -5
-53 -35
-137 41
-58 40
-48 -15
-60 -47
-163 -21
-48 10
-149 -13
-40 24
-91 52
-66 -46
-55 41
-34 -8
-122 -56
-65 -47
-151 -20
-124 43
-151 26
-126 56
-149 1
-52 19
-150 -33
-107 60
-52 40
-97 -66
-149 9
-117 -53
-33 -9
-167 11
-130 -51
-90 48
-39 9
-55 24
-130 39
-159 -5
-158 31
-40 -31
-90 -63
-111 62
-76 -54
-37 11
-67 57
-166 0
-63 50
-149 5
-154 9
-65 45
-80 -62
-137 -46
-144 -29
-142 49
-106 -67
-150 -18
-114 62
-135 49
-78 57
-124 54
-52 -27
-93 -55
