86
99 -1 50
-98 5 40
58 -36
42 25
139 -43
141 -31
156 -19
146 50
129 -63
98 -64
58 45
88 57
109 48
106 67
124 -61
43 -8
90 66
156 -26
41 12
39 -32
166 3
83 57
59 -56
151 -18
54 -38
39 -14
144 -33
134 -45
95 60
157 20
88 48
156 36
157 -5
46 29
60 -37
58 -32
51 -39
150 1
49 -34
108 -53
113 65
145 26
48 -38
104 -61
136 58
54 29
95 64
73 -66
119 51
128 -49
45 9
151 26
116 -59
157 -29
69 53
73 58
100 65
46 -39
129 43
160 31
52 -35
157 31
130 58
132 -49
47 5
101 -67
154 -5
93 66
145 -43
98 -69
130 -60
149 -44
162 23
54 -25
128 -58
41 -27
40 -2
48 -29
155 35
98 -53
102 66
165 -21
58 -56
157 21
47 -14
51 -52
40 -33
148 -14
-72 -48
-143 33
-138 11
-138 10
-129 -21
-69 -35
-99 54
-101 61
-45 1
-69 40
-74 43
-117 -32
-77 58
-145 6
-140 -21
-40 9
-122 40
-50 36
-77 -45
-85 51
-131 33
-117 60
-89 -41
-146 10
-52 -1
-136 48
-62 45
-147 32
-108 51
-92 53
-92 46
-140 13
-149 19
-67 31
-139 10
-113 -40
-58 -8
-55 -37
-70 43
-56 12
-87 -39
-123 -47
-146 -25
-58 5
-99 48
-146 16
-65 -44
-81 -52
-121 53
-82 -51
-137 18
-68 -42
-152 -13
-42 -2
-58 19
-55 30
-146 30
-44 0
-51 -13
-151 28
-104 52
-142 38
-45 27
-59 -35
-55 -37
-49 -15
-78 -32
-87 -53
-106 47
-46 -14
-122 54
-68 -35
-149 10
-139 13
-118 41
-125 -43
-81 -52
-112 46
-123 -42
-92 -53
-127 48
-63 52
-140 29
-125 37
-151 20
-136 -31
