88
97 1 45
-101 1 40
-96 -51
-97 -47
-75 34
-127 -47
-151 -27
-99 47
-74 -31
-136 43
-55 28
-130 29
-139 17
-83 45
-54 38
-108 49
-143 1
-48 24
-68 -40
-122 45
-112 59
-140 28
-133 41
-87 -45
-142 23
-49 -23
-146 -13
-80 -47
-121 -36
-92 42
-77 -35
-54 1
-55 24
-101 -43
-121 41
-89 41
-109 -51
-59 30
-131 29
-121 47
-89 53
-58 32
-55 35
-53 -1
-141 9
-83 40
-57 -13
-52 6
-135 29
-86 -44
-142 24
-131 -32
-119 40
-141 -42
-115 57
-62 12
-46 -13
-47 28
-152 5
-108 44
-142 -38
-68 51
-107 -54
-58 -3
-111 -43
-88 49
-151 7
-84 -40
-55 -9
-142 16
-140 -26
-74 37
-137 28
-146 38
-133 -38
-151 19
-138 17
-65 49
-46 3
-51 15
-138 -20
-62 33
-135 -41
-51 -31
-79 -38
-153 -15
-132 -45
-41 10
-93 44
-148 -32
125 48
145 -18
48 -31
91 60
73 46
43 22
130 -40
51 10
54 23
147 38
35 15
143 27
151 2
36 0
145 -24
37 -4
136 -27
48 -5
77 55
88 -50
152 -27
35 -17
57 -27
139 47
39 29
151 -8
79 59
46 -3
104 -46
149 -15
98 51
152 -3
161 -4
95 55
94 57
145 -29
150 -1
90 50
55 42
147 21
138 33
45 -32
154 23
155 13
138 -21
44 5
84 62
111 58
107 59
147 -20
123 48
155 21
145 -21
144 -14
51 44
146 -18
45 30
147 -18
47 25
141 31
39 5
130 35
70 -44
145 37
147 33
117 57
142 15
41 9
48 0
115 46
74 42
104 -45
125 -47
36 -6
54 -16
124 52
48 11
79 -45
67 56
115 48
130 -40
50 18
46 1
116 -50
113 -61
144 37
120 53
65 -42
