100
50 -21 41
132 -21 41
91 -62
-17 -62
-122 -62
-80 20
-84 -62
-224 -62
20 20
-151 20
-139 20
234 -62
-36 -62
204 -62
-181 20
-28 -62
-144 20
105 20
-3 -62
21 20
-131 -62
-167 20
73 20
117 -62
16 20
82 20
36 -62
239 20
-139 -62
18 20
-114 -62
215 20
-59 -62
-159 -62
29 -62
196 20
237 20
19 -62
-1 20
174 20
-170 20
-217 20
32 -62
-149 -62
55 -62
27 -62
7 -62
-246 -62
191 -62
-90 20
-143 -62
-5 -62
-124 20
-171 -62
96 20
-6 20
-77 20
246 -62
231 -62
176 20
-89 -62
-29 -62
-75 20
39 -62
66 -62
238 -62
157 20
94 20
-103 20
7 -62
-57 -62
205 20
-191 20
-152 -62
-213 -62
-149 -62
-173 20
151 20
211 -62
55 20
99 20
-144 -62
242 20
-1 20
-178 20
-60 20
158 -62
-189 20
180 20
-12 -62
248 -62
-123 20
76 20
-199 20
-236 -62
230 20
-40 20
-126 20
-163 20
-207 -62
-169 20
-129 20
91 20
-8 20
-149 20
247 20
-71 20
-191 20
3 -62
26 20
233 20
93 20
126 20
135 20
225 -62
2 -62
125 -62
-139 20
241 -62
-177 -62
138 20
-171 -62
172 20
-203 -62
45 -62
87 -62
155 -62
80 20
-120 20
-103 20
-179 20
-1 -62
69 -62
139 20
-215 -62
-90 -62
-206 20
-196 -62
135 -62
139 20
-10 20
-200 -62
-155 -62
-191 -62
63 20
-243 20
163 -62
72 20
167 20
-61 20
111 -62
-36 20
27 20
112 -62
16 20
15 -62
-17 -62
30 20
-210 20
-52 20
-191 20
-70 -62
111 -62
222 -62
-208 20
-152 -62
-180 20
9 20
-82 -62
218 20
65 20
181 20
-71 20
75 -62
-40 -62
31 20
59 20
61 20
178 -62
-67 20
-228 -62
203 -62
164 -62
-104 20
-219 -62
175 20
-8 -62
-169 -62
161 -62
173 -62
217 -62
148 -62
99 20
87 -62
149 20
0 -62
-199 20
-188 20
188 20
193 -62
-27 20
203 -62
