75
79 -99 45
-928 -145 22
790 571
-995 518
-834 -820
570 -849
510 932
799 780
161 -987
316 -755
-132 288
-776 -30
-584 31
-184 -321
-642 773
165 82
842 118
-530 58
21 -203
-680 -118
583 658
470 -281
984 971
867 -890
136 -173
790 -547
-410 223
-798 -942
-973 170
-4 264
787 518
943 -898
935 -539
-847 148
-113 -258
-704 -968
144 -837
781 -55
950 22
512 -495
-483 204
769 581
443 -80
-501 701
392 50
636 -850
69 100
163 -786
-533 -58
-526 -516
-98 -326
790 -827
470 481
-938 968
-643 193
-638 792
-533 800
-723 -652
831 -836
478 245
985 399
-24 -324
-435 991
-846 664
800 -248
832 726
437 -573
-861 -472
858 -551
-442 629
-220 31
546 721
232 -783
-553 285
518 311
-987 192
-461 -298
606 -804
-596 424
56 714
782 792
751 841
-721 -920
804 -820
-820 13
-816 47
574 -489
-328 -170
-393 167
-645 172
-578 953
-875 380
686 -758
-595 887
-406 270
156 -590
662 349
297 553
404 -936
370 -573
848 886
209 844
416 75
510 -120
-318 696
-315 -351
904 675
-23 -823
-482 -971
-682 938
-521 -729
958 -277
515 -730
285 285
-196 335
878 835
-210 200
598 627
-155 -376
-822 -447
-441 -843
-975 771
-444 -994
251 620
-786 -174
-2 -804
-346 -462
775 452
-395 -308
-913 -710
205 384
-543 -96
277 806
745 119
778 -771
937 664
-825 320
-759 -669
952 557
-648 562
-292 -429
743 -492
-17 126
-440 -93
449 -65
-940 928
491 -239
-430 -53
700 297
-754 -654
-394 647
211 -516
