45
-866 -969 36
622 -237 25
-83 -358
-40 248
-709 -670
-198 493
-2 126
-516 75
-849 -309
-820 -272
-797 -290
-521 -574
-419 566
549 887
930 -881
-989 -420
-390 -58
501 964
940 -334
-298 325
-634 -362
217 -264
929 -643
-56 -83
-620 -719
529 -443
926 -589
-121 -135
130 -848
-234 194
-108 236
-420 492
-713 -428
-227 -753
885 927
-341 629
-551 469
121 358
554 -786
-884 -791
-86 391
823 -429
-176 -378
-299 51
542 618
611 -844
874 -966
-791 -441
-620 -454
-569 338
-830 -951
-81 867
111 206
-467 245
-580 -662
429 262
-1000 -635
92 -284
184 947
493 -598
-504 395
102 231
-151 679
-222 -445
-851 -491
377 436
674 288
278 -679
460 215
573 866
488 625
388 444
30 965
-996 836
105 75
-756 -372
-546 690
-127 833
137 718
-823 -426
915 -920
-375 357
-143 -902
-570 -249
-621 -323
6 -55
888 -113
-771 853
654 -562
-237 -805
504 512
987 -274
