29
254 306 32
-272 -138 7
614 187
923 774
-514 -860
740 879
188 -153
-709 -730
-198 -175
392 528
-288 735
165 284
556 -727
-43 815
797 -949
671 712
-270 814
409 -405
532 779
-123 169
-429 -422
-350 726
-613 -628
-223 -199
644 -785
-104 -299
-284 -681
-302 -757
-774 299
535 579
985 247
-862 -208
-412 -260
749 -204
-67 -916
-139 -495
-936 -916
292 -125
495 -473
917 700
-999 195
-132 784
283 141
-427 27
914 -658
560 651
717 -698
-472 372
-271 263
606 -747
225 338
-453 -972
485 -284
31 -728
-269 -299
459 -803
708 641
-150 -420
-159 339
63 302
