80
452 -369 5
642 534 47
-181 -515
-456 -203
38 133
-716 -734
-517 61
618 -90
-930 653
4 -727
-1 636
-580 655
-745 -75
-214 162
131 -839
106 -397
512 277
-157 -837
-428 86
211 84
-435 736
-61 -450
-720 -375
-584 12
85 -996
-550 -347
972 969
-943 281
138 242
164 725
43 -110
-42 818
-830 877
764 258
-453 -138
-851 786
-447 851
-768 -9
-647 776
-75 -866
-644 283
39 289
875 -821
-480 -162
169 -421
-401 -128
287 979
-178 172
-741 -46
-702 -816
-904 351
-782 -534
538 -507
-179 -205
862 -974
-230 -265
-855 -903
804 419
50 -697
92 -437
919 213
758 -422
900 -139
802 441
-587 603
424 -545
-650 565
993 -376
723 954
160 -94
-607 317
-147 -488
-674 54
-360 -206
-158 385
929 640
-953 692
-560 324
150 118
-24 -336
159 -829
148 -909
-138 -424
-745 -196
775 455
-285 504
-538 -403
-171 418
-74 214
620 -41
-580 -477
358 -87
732 749
-23 -470
-194 885
-424 -595
-766 735
401 674
378 521
70 53
203 -80
-918 346
-816 -587
774 -172
571 -146
818 -622
24 -301
24 -693
-252 141
-758 596
88 969
768 -203
-471 -63
-200 -301
-172 -227
-170 946
-596 162
-531 694
-577 96
279 -801
118 720
392 329
104 -587
580 413
-293 183
-79 417
236 -907
-629 100
-915 -546
39 -192
-50 -658
225 -191
-998 -53
-443 543
796 519
-824 -108
194 970
-322 -507
260 -528
172 -236
656 783
-774 -131
36 -396
-212 -800
-676 -971
-13 900
-871 -679
100 -988
900 -468
840 328
975 -334
-356 725
-151 -934
122 880
566 780
866 203
-776 455
-984 -632
736 -224
230 -481
932 306
747 -818
