34
-499 -930 36
425 228 45
672 304
707 956
-914 131
16 -62
-960 152
457 872
-115 815
-720 -252
589 -153
-139 -930
-660 958
647 974
14 232
963 21
434 891
231 763
-72 952
-898 968
918 -781
584 -900
248 921
-512 917
-371 -432
435 -964
41 221
-404 -904
-817 -938
-506 607
281 618
983 -712
278 257
-479 -785
441 -747
967 -515
161 -730
-542 876
134 -814
133 846
-119 17
-339 -265
897 -136
-786 170
-613 -419
-566 -285
-618 -301
-563 505
-326 993
665 -634
5 -74
-53 -560
-290 -602
607 -198
603 -56
236 732
472 -195
252 341
-392 -521
606 -363
56 -62
-52 -938
-153 113
-480 338
-432 -681
-465 -806
-85 -790
211 227
87 -909
516 687
