14 27 10
25
7 7 7
12 7 9
7 21 5
3 2 1
2 21 8
9 26 2
11 15 1
6 23 8
6 23 4
13 9 3
9 20 1
8 20 5
13 24 6
7 9 2
2 19 4
9 3 2
3 23 3
9 21 1
0 18 7
12 8 5
5 9 7
6 10 4
3 11 4
10 18 6
8 23 7
0 0 1 1 1 1 0 1 1 1 1 1 0 1
0 0 1 1 0 0 1 1 1 0 1 0 1 0
0 1 0 1 1 1 1 1 0 1 1 0 1 0
0 0 0 0 1 0 1 0 1 1 1 0 0 0
1 1 0 0 0 0 0 0 0 0 0 1 1 1
0 0 0 1 1 0 1 1 0 0 0 1 0 1
1 1 0 1 0 1 1 0 0 0 0 1 0 0
1 1 1 1 0 0 0 0 1 0 1 1 1 0
0 1 1 0 0 0 0 0 1 1 1 1 0 1
0 1 1 0 1 1 0 0 0 1 0 1 0 0
0 1 0 0 0 1 0 1 0 1 0 1 0 0
0 0 0 0 0 0 1 0 1 0 0 0 1 0
0 1 1 1 0 1 0 1 0 0 0 1 0 1
0 1 0 0 1 0 0 1 0 1 1 1 0 1
1 0 0 1 1 1 1 1 1 1 1 0 1 0
0 0 0 1 0 1 1 0 0 0 0 0 0 1
0 1 0 1 0 1 0 1 1 0 0 0 0 1
0 0 1 0 1 0 1 0 1 0 1 1 0 0
0 1 1 0 0 0 1 1 0 0 1 0 0 1
1 0 0 0 1 1 1 1 0 0 0 0 1 1
1 1 0 0 1 1 0 0 1 0 0 1 0 1
0 0 1 0 0 1 0 0 1 0 0 1 0 0
0 1 1 1 0 0 1 0 0 1 0 0 1 1
1 1 0 1 0 0 1 0 0 1 0 1 1 0
0 1 1 0 1 1 0 0 0 1 0 0 0 0
1 0 0 1 1 0 0 0 0 1 1 1 0 0
0 1 0 0 0 0 0 0 0 1 1 0 1 1
