9 38 15
1
6 32 4
1 1 1 1 1 1 0 0 1
1 1 1 1 0 0 1 0 1
1 1 1 1 1 1 1 1 1
1 1 1 0 0 1 1 1 1
1 1 1 1 1 1 1 1 1
1 1 1 1 1 1 1 1 1
1 1 1 1 1 1 1 1 1
1 1 1 1 1 1 1 1 1
1 1 1 1 1 1 1 1 1
0 1 1 1 1 1 1 1 0
1 1 1 1 1 1 1 1 1
1 1 1 1 1 1 1 1 1
1 1 1 1 1 1 1 1 0
1 1 1 1 1 1 1 1 1
1 1 1 1 0 1 1 1 1
0 0 1 1 1 1 0 1 1
1 1 1 1 0 1 1 1 1
1 1 1 1 1 1 1 1 1
1 1 1 1 1 1 1 1 1
0 1 1 0 0 1 1 1 1
1 1 0 1 1 1 1 1 1
1 1 1 0 1 1 1 1 1
1 0 0 1 1 1 1 1 1
1 1 1 1 1 1 1 1 1
1 1 1 1 1 1 1 1 1
1 1 1 1 1 1 1 1 1
1 1 1 1 1 1 1 1 0
1 1 1 1 1 1 1 1 1
1 1 1 0 1 1 1 0 1
1 1 0 1 1 1 1 1 1
1 1 1 1 1 1 1 1 1
1 1 1 1 1 1 1 1 1
1 1 1 1 0 1 1 1 1
1 1 1 1 1 1 1 1 1
1 1 0 1 1 1 1 1 1
1 1 1 1 1 1 1 1 0
1 0 1 1 1 1 1 1 1
1 1 0 1 1 1 1 1 1
