16 25 21
31
6 19 2
7 7 13
4 0 12
6 10 17
8 18 10
1 6 3
13 21 20
11 23 18
10 7 20
4 19 0
6 6 0
14 21 12
6 13 16
4 12 17
4 8 0
2 12 3
10 0 11
5 16 12
4 13 7
1 20 10
15 4 12
0 6 11
13 7 16
11 7 11
14 17 12
1 16 5
1 0 4
10 4 17
14 19 7
9 7 11
5 3 0
0 0 0 0 1 0 1 0 0 0 1 1 1 1 0 0
1 1 0 1 1 0 1 1 0 0 0 0 1 1 0 0
0 0 0 1 0 1 0 1 0 1 0 0 0 0 1 1
1 0 0 0 0 0 0 0 0 1 0 0 1 1 1 1
0 0 0 1 0 0 1 0 0 0 1 0 1 0 0 1
0 0 0 1 0 0 0 1 1 0 0 0 0 0 0 1
1 0 1 0 1 0 0 1 0 0 0 0 0 0 1 1
0 0 1 0 0 1 0 1 0 1 1 1 1 0 0 0
1 1 0 0 1 0 1 1 0 1 0 0 1 0 0 1
1 1 0 0 0 1 1 0 0 0 0 0 1 0 1 0
0 1 0 0 0 0 0 1 0 0 0 0 1 0 1 0
1 0 0 0 1 0 0 0 1 1 0 1 1 0 1 1
0 1 0 0 1 1 0 0 0 0 1 1 0 0 0 0
1 1 0 0 0 0 0 1 0 1 1 1 1 1 0 0
0 0 0 1 1 0 0 1 1 0 0 1 0 0 0 1
1 0 0 0 1 0 0 1 0 0 0 0 0 1 1 1
1 0 0 1 0 1 0 0 1 1 0 0 1 1 0 0
0 0 0 0 0 0 0 0 0 1 1 1 0 0 0 1
0 1 0 1 0 1 1 0 0 0 0 0 0 1 0 1
0 0 0 1 0 1 1 0 1 1 0 0 0 1 1 0
0 0 0 0 0 1 1 0 0 0 0 1 0 0 0 1
0 0 1 0 1 0 1 0 1 0 0 0 0 1 0 1
0 0 1 0 0 0 0 1 0 1 0 0 1 0 0 1
1 0 0 0 1 0 1 0 1 1 1 0 0 1 1 0
0 0 1 0 0 0 1 0 1 1 0 0 0 1 0 0
