21 48 49
33
12 17 11
17 35 36
17 27 10
9 36 33
8 12 40
3 25 40
7 44 8
13 1 21
19 3 29
11 35 11
4 6 36
10 30 37
12 45 1
8 10 32
7 46 40
6 34 7
18 42 2
14 11 40
16 2 21
0 38 35
17 17 29
15 47 20
8 40 40
8 17 0
14 1 47
5 34 25
9 17 37
5 42 44
4 20 17
19 40 10
16 1 19
4 26 17
1 37 16
0 1 1 1 1 1 1 0 1 1 0 1 1 1 0 1 1 1 1 1 1
1 0 1 1 1 0 1 1 1 1 0 1 0 1 1 1 1 0 1 0 1
1 1 1 0 1 0 0 1 1 1 1 1 0 1 1 1 0 1 1 0 1
1 1 1 1 1 1 1 0 1 1 0 1 1 1 1 1 1 0 1 0 1
1 1 1 1 1 0 1 0 1 1 1 1 1 1 1 1 1 1 1 0 1
1 1 1 1 1 1 1 1 0 1 1 1 1 1 1 1 0 1 1 1 0
1 1 1 1 1 1 1 1 1 1 1 1 1 1 0 1 1 1 1 1 1
0 1 1 1 1 1 1 1 1 1 1 0 1 0 1 1 0 0 1 1 1
1 0 1 1 1 1 1 1 1 1 1 1 1 1 1 1 1 1 1 1 1
1 1 1 1 0 1 1 0 1 1 1 1 1 1 1 1 1 1 1 0 1
1 1 1 1 1 1 1 0 1 1 1 1 1 0 1 1 1 1 1 0 1
1 1 0 1 1 1 0 1 1 1 1 1 1 1 1 1 1 0 0 1 1
1 1 0 1 1 1 1 0 1 0 1 1 1 1 0 0 0 1 1 1 1
1 1 1 1 1 0 1 1 0 0 0 1 1 1 0 1 0 1 1 1 1
1 1 1 1 1 0 1 1 1 1 1 0 1 0 0 1 1 1 1 1 1
1 1 1 1 1 1 1 1 1 1 1 0 1 1 1 1 1 1 0 1 1
0 1 1 1 0 1 1 0 1 1 0 1 1 1 1 1 1 1 1 1 1
0 1 1 1 1 1 1 1 1 1 1 1 1 1 1 1 1 1 1 1 1
1 1 0 1 1 1 1 1 1 1 1 1 1 1 1 1 0 0 1 1 1
1 1 1 1 1 0 1 1 1 1 1 1 1 1 1 1 0 1 1 1 1
0 1 0 1 1 1 1 1 0 1 1 1 0 1 1 1 0 1 1 1 1
1 1 1 0 0 1 1 0 1 1 0 0 1 1 0 1 1 1 1 1 1
1 1 1 0 1 1 1 1 1 1 1 1 1 0 1 1 0 0 1 1 1
0 1 1 1 1 1 1 1 1 1 1 0 1 1 1 1 0 1 1 1 1
1 1 1 1 1 1 1 1 1 1 1 1 1 1 1 1 0 1 1 1 1
1 1 1 1 1 1 1 1 0 1 1 1 1 1 1 1 1 0 0 1 1
1 0 1 1 1 1 1 1 1 1 1 1 1 1 1 1 1 1 1 1 1
1 1 1 0 1 0 1 1 1 1 1 0 1 1 1 1 1 1 1 1 1
1 1 1 1 1 0 1 1 1 1 1 1 1 1 1 1 1 1 0 0 1
1 0 0 1 1 1 1 0 1 1 1 1 1 1 0 0 0 1 1 1 0
0 1 1 1 0 1 1 1 1 1 0 1 1 1 0 1 0 1 1 1 1
1 0 1 1 1 1 1 0 1 1 0 1 1 1 1 1 1 1 1 1 0
1 0 1 1 1 1 1 1 1 1 1 1 1 1 1 1 1 1 1 1 1
1 0 1 0 1 1 1 1 1 1 1 1 0 0 1 1 1 0 1 1 1
0 1 1 1 1 1 1 1 1 0 1 1 1 1 1 1 1 1 0 1 1
1 0 1 1 0 1 1 1 1 1 1 1 1 1 1 1 1 1 1 0 0
1 1 1 1 1 1 1 1 1 1 1 0 1 1 1 1 1 1 1 1 0
1 0 1 1 1 1 1 1 1 1 1 1 1 1 1 1 1 1 1 1 1
1 1 1 1 1 1 1 1 1 1 1 0 1 1 1 0 0 0 1 0 1
1 1 1 0 1 1 1 0 1 0 1 1 1 1 1 1 1 1 1 1 0
1 1 1 1 1 1 1 1 1 1 1 1 1 1 1 1 1 0 1 1 1
1 1 1 1 1 1 1 1 1 1 1 1 1 1 1 1 0 1 1 1 1
1 1 1 1 1 1 1 1 1 1 1 0 0 1 1 0 1 1 1 1 1
1 1 1 0 1 1 1 1 1 0 1 1 1 1 1 1 1 1 1 1 1
1 0 0 1 1 1 1 0 1 0 1 1 1 1 1 1 1 1 1 1 0
1 0 1 0 1 1 0 1 1 1 1 0 1 1 1 1 1 1 0 1 1
1 1 1 1 1 1 1 0 1 1 1 0 1 1 1 0 1 0 1 1 1
1 1 1 1 1 1 1 1 1 1 1 1 1 1 1 1 1 1 1 1 1
