33 13 19
11
10 5 2
4 4 17
24 7 11
20 10 12
25 11 18
23 0 7
15 6 16
10 8 17
17 11 14
20 12 10
19 1 17
1 0 0 1 0 0 0 0 0 0 0 1 0 1 0 0 0 0 0 0 0 1 0 0 0 1 0 0 0 1 0 0 0
0 0 0 0 0 0 1 1 1 1 0 1 1 0 0 0 1 1 1 0 1 0 1 0 1 1 0 0 0 1 0 1 0
1 1 1 0 0 0 1 1 1 1 0 0 0 1 1 0 0 1 1 0 0 1 0 0 1 0 0 0 0 0 0 0 0
0 0 1 1 0 0 1 1 1 0 1 0 1 1 1 0 0 0 0 0 0 0 1 0 1 0 1 1 0 1 1 0 1
0 0 1 0 1 0 0 1 0 1 1 1 1 1 1 0 0 1 1 1 0 0 0 0 0 1 0 0 0 0 0 1 0
1 0 1 1 1 0 0 0 0 0 0 0 0 0 0 1 0 0 0 1 0 0 0 0 1 0 1 1 0 0 1 0 0
0 0 1 0 1 0 0 0 0 0 0 0 0 0 0 0 1 0 0 0 0 0 0 0 1 0 1 1 0 0 0 0 0
1 0 0 0 0 0 1 0 0 1 1 0 0 1 0 1 1 1 1 1 0 0 1 1 1 0 1 0 1 0 1 0 1
0 0 0 0 0 1 0 0 0 0 1 1 0 0 0 1 1 0 0 1 0 0 0 0 1 0 0 0 0 1 0 1 1
1 1 1 0 0 1 0 1 0 0 1 0 1 0 0 1 0 0 0 0 1 0 1 0 0 1 1 1 0 0 0 0 0
1 1 0 0 1 1 1 1 1 1 0 0 0 0 0 0 1 0 1 1 1 0 0 1 1 0 0 0 1 1 0 1 0
0 0 0 0 0 0 0 1 0 0 0 0 0 1 0 0 0 1 0 1 0 0 0 0 0 0 0 0 1 1 1 0 1
0 1 1 0 1 0 0 1 1 1 1 0 0 0 0 0 1 0 1 1 1 0 0 0 0 0 0 1 1 0 0 0 0
