85 496 618
27 309
48 104
24 314
50 399
31 248
76 444
57 360
58 371
83 53
0 313
29 241
20 58
15 400
26 451
72 90
60 312
84 366
84 400
14 202
42 292
6 180
79 452
20 484
16 433
72 279
78 276
48 302
84 246
80 141
16 310
81 316
83 262
37 473
57 462
46 437
5 120
59 146
83 338
28 203
78 319
18 173
62 470
72 390
20 178
32 61
55 128
48 233
17 52
46 456
28 180
29 42
12 427
26 292
82 184
29 478
81 124
53 21
46 336
38 346
80 124
37 80
26 113
64 274
12 0
23 203
30 369
8 140
78 270
51 409
65 436
25 460
79 41
29 113
61 80
69 392
45 486
11 263
19 250
40 469
70 12
28 240
63 101
44 184
48 463
53 242
49 281
56 373
5 404
18 432
47 152
67 370
68 464
19 193
84 297
46 196
41 24
0 473
41 161
58 368
61 400
58 317
79 52
4 106
69 415
84 307
84 311
39 488
27 152
21 78
55 304
64 414
31 66
57 261
21 52
0 387
34 64
67 76
70 23
52 186
58 121
79 40
8 478
3 88
81 240
79 447
36 271
43 164
49 476
73 452
43 462
51 449
11 144
32 318
84 33
38 261
6 450
33 401
51 396
68 4
8 343
9 146
10 228
22 20
36 325
84 71
5 351
36 90
60 303
33 211
17 50
3 219
25 123
57 445
47 177
44 235
80 78
16 137
41 81
69 288
12 13
16 252
21 168
52 463
7 429
73 444
40 394
10 28
66 275
33 285
9 269
82 109
75 371
48 275
69 149
1 311
4 36
26 405
75 8
18 15
68 250
64 88
37 234
37 73
67 26
42 479
37 416
50 411
58 360
60 449
52 192
39 266
74 299
39 66
55 63
17 186
57 454
16 455
69 353
43 321
77 304
81 277
65 219
28 116
84 108
56 274
41 211
25 199
61 17
25 337
62 333
53 128
38 210
47 137
15 479
34 452
35 229
45 142
4 413
0 312
66 320
17 437
44 237
6 288
54 342
68 356
47 323
71 290
65 173
55 287
3 484
35 483
6 10
18 459
64 70
38 231
20 130
34 189
33 302
44 276
78 234
22 42
9 415
26 367
12 151
71 119
32 17
48 172
12 410
23 359
45 162
24 388
4 119
1 102
11 179
68 430
36 467
80 324
54 103
40 49
84 100
47 245
42 481
24 210
78 45
42 46
53 487
68 5
40 357
78 357
37 398
46 417
14 448
25 463
19 458
79 90
38 131
43 368
19 178
52 244
66 3
32 301
76 72
78 390
58 22
15 380
11 420
38 3
27 207
64 145
71 297
17 386
18 165
35 114
68 477
67 102
44 301
76 307
82 101
38 37
7 266
39 10
0 37
7 261
14 162
12 107
61 275
8 489
52 363
64 316
26 324
69 487
7 313
22 321
74 268
34 276
17 353
63 223
13 161
55 117
4 409
49 252
71 88
47 335
22 68
50 13
64 86
15 375
12 425
53 246
62 191
65 354
57 44
11 124
35 489
35 133
7 450
31 37
8 297
41 421
38 417
34 405
73 307
27 343
37 28
13 146
64 157
58 320
68 378
66 48
61 76
65 260
81 335
82 4
9 100
6 410
77 64
58 196
57 443
27 406
12 3
72 485
52 230
82 252
63 123
43 427
19 106
2 195
81 223
15 315
42 427
64 478
82 163
0 459
9 159
12 4
33 412
83 479
72 427
57 472
29 208
82 365
80 19
59 209
4 450
17 297
32 461
80 402
77 249
25 297
70 286
46 257
3 441
6 81
83 395
58 355
43 487
81 183
61 104
77 61
6 313
60 239
0 27
11 37
6 306
61 254
41 40
10 350
65 105
50 106
4 262
9 446
30 322
76 39
83 408
49 234
50 435
5 363
44 483
30 263
31 63
18 186
75 46
35 121
55 125
67 106
48 268
54 327
27 160
71 79
45 307
10 453
35 288
17 383
18 39
13 392
10 255
5 382
5 367
60 164
49 371
0 194
24 301
3 226
24 447
49 201
16 96
52 352
6 426
9 166
16 168
75 242
15 73
83 159
84 45
28 480
35 74
42 56
62 471
72 149
54 123
22 490
21 51
22 364
7 129
83 88
78 72
5 347
14 34
24 472
9 26
58 438
40 208
70 495
70 243
45 56
8 451
30 170
63 438
41 247
70 375
37 402
70 276
49 449
75 347
13 99
80 6
51 6
45 218
58 264
30 80
6 75
54 148
57 295
51 279
61 287
20 389
28 450
28 233
39 318
72 120
16 164
44 44
25 248
71 4
66 467
30 177
33 271
54 452
33 435
47 15
63 29
33 187
49 160
77 117
0 484
79 174
60 337
15 90
32 200
70 82
28 410
32 306
8 350
19 123
32 335
63 434
12 460
74 79
68 87
40 95
54 55
64 3
22 342
29 239
9 162
74 107
67 288
42 102
35 485
29 334
45 395
16 249
52 67
71 335
14 477
39 349
24 465
0 243
69 313
75 279
4 277
54 129
2 181
5 189
77 259
81 492
58 23
17 306
25 288
23 201
67 146
27 205
83 82
18 271
16 380
4 210
56 398
84 481
21 218
77 71
81 120
56 453
16 273
27 47
48 325
22 399
50 22
62 193
20 171
59 86
35 94
13 321
16 110
59 253
53 190
14 164
34 132
64 89
24 123
29 224
31 385
32 337
72 170
82 136
26 43
52 376
57 192
21 339
2 390
82 3
32 177
48 53
24 408
77 9
70 148
79 467
63 229
25 269
76 493
21 275
27 194
36 53
15 96
17 152
31 421
75 261
80 372
79 249
