100
-54 -3 10
26 -3 10
-44 -3
-44 -3
-44 -3
-44 -3
-44 -3
-44 -3
-44 -3
-44 -3
-44 -3
-44 -3
-44 -3
-44 -3
-44 -3
-44 -3
-44 -3
-44 -3
-44 -3
-44 -3
-44 -3
-44 -3
-44 -3
-44 -3
-44 -3
-44 -3
-44 -3
-44 -3
-44 -3
-44 -3
-44 -3
-44 -3
-44 -3
-44 -3
-44 -3
-44 -3
-44 -3
-44 -3
-44 -3
-44 -3
-44 -3
-44 -3
-44 -3
-44 -3
-44 -3
-44 -3
-44 -3
-44 -3
-44 -3
-44 -3
-44 -3
-44 -3
-44 -3
-44 -3
-44 -3
-44 -3
-44 -3
-44 -3
-44 -3
-44 -3
-44 -3
-44 -3
-44 -3
-44 -3
-44 -3
-44 -3
-44 -3
-44 -3
-44 -3
-44 -3
-44 -3
-44 -3
-44 -3
-44 -3
-44 -3
-44 -3
-44 -3
-44 -3
-44 -3
-44 -3
-44 -3
-44 -3
-44 -3
-44 -3
-44 -3
-44 -3
-44 -3
-44 -3
-44 -3
-44 -3
-44 -3
-44 -3
-44 -3
-44 -3
-44 -3
-44 -3
-44 -3
-44 -3
-44 -3
-44 -3
-44 -3
-44 -3
-44 -3
-44 -3
-44 -3
-44 -3
-44 -3
-44 -3
-44 -3
-44 -3
-44 -3
-44 -3
-44 -3
-44 -3
-44 -3
-44 -3
-44 -3
-44 -3
-44 -3
-44 -3
-44 -3
-44 -3
-44 -3
-44 -3
-44 -3
-44 -3
-44 -3
-44 -3
-44 -3
-44 -3
-44 -3
-44 -3
-44 -3
-44 -3
-44 -3
-44 -3
-44 -3
-44 -3
-44 -3
-44 -3
-44 -3
-44 -3
-44 -3
-44 -3
-44 -3
-44 -3
-44 -3
-44 -3
-44 -3
-44 -3
-44 -3
-44 -3
-44 -3
-44 -3
-44 -3
-44 -3
-44 -3
-44 -3
-44 -3
-44 -3
-44 -3
-44 -3
-44 -3
-44 -3
-44 -3
-44 -3
-44 -3
-44 -3
-44 -3
-44 -3
-44 -3
-44 -3
-44 -3
-44 -3
-44 -3
-44 -3
-44 -3
-44 -3
-44 -3
-44 -3
-44 -3
-44 -3
-44 -3
-44 -3
-44 -3
-44 -3
-44 -3
-44 -3
-44 -3
-44 -3
-44 -3
-44 -3
-44 -3
-44 -3
-44 -3
-44 -3
-44 -3
-44 -3
-44 -3
-44 -3
-44 -3
-44 -3
