100
-59 -75 27
-84 60 13
-1 10
16 21
-7 -30
-9 -10
-25 -29
-22 -10
10 5
-14 26
-25 -5
18 2
10 3
22 -18
-6 9
-9 -6
22 -5
-16 -18
-7 -12
-12 12
21 -22
-23 -6
-16 4
-7 1
-6 3
12 -13
7 27
12 25
1 30
-23 18
-20 27
1 26
22 21
22 0
29 2
18 -14
11 -16
5 -17
23 11
2 27
15 1
2 24
-30 17
3 -5
5 -27
-13 -7
13 -26
-27 27
26 -3
-17 -26
-8 6
-17 11
-8 -14
-3 12
13 -22
-13 7
-14 -20
12 28
-19 21
4 -29
11 17
-19 5
21 -5
15 4
30 -30
-5 -18
-16 12
12 14
5 2
28 -3
-13 14
-7 25
-6 -12
-10 27
28 1
1 9
11 -8
-14 -22
-23 -24
-9 -4
30 -14
-24 7
-2 -6
-24 8
15 13
6 20
-24 28
-25 -18
6 -20
14 -29
30 8
16 9
-28 -14
-11 12
6 -2
10 -24
5 -18
-26 -5
30 2
5 -19
-30 -27
1 -1
22 9
-6 -6
-5 -13
29 -30
-7 0
-20 -13
-17 -1
5 13
-28 0
0 12
27 29
-5 -20
10 -11
18 13
-2 14
-11 -28
-17 -18
-9 -2
-29 19
16 -21
-15 -24
-6 -6
13 27
19 -13
24 10
-20 -13
-11 18
-28 -4
11 23
25 -26
-18 -10
7 -14
17 27
-11 -15
-15 -29
25 -18
-10 -27
-4 14
8 -19
-11 -25
-12 25
2 24
20 16
-11 30
20 -3
23 -30
17 -18
-1 5
-2 4
0 -25
-23 4
28 25
-2 21
5 13
12 6
-12 30
-30 22
22 -18
-25 13
14 20
-10 8
21 -20
-2 -8
-22 5
-21 9
-22 -14
-5 12
-16 -26
5 1
4 -14
-9 2
15 17
12 4
-15 -29
-13 -2
5 -8
18 22
-19 2
3 -18
15 -16
19 23
-30 21
11 4
25 12
25 -8
18 -1
-2 1
-7 -27
12 -25
16 3
21 18
5 -25
13 -10
26 26
-18 -15
-2 1
20 -20
7 8
-7 -2
-19 -23
