100
-21 -75 8
1 -82 8
-13 10
28 16
27 -28
-18 20
12 16
28 1
-21 0
30 -17
-7 2
-28 6
-30 13
8 9
-17 24
17 -1
-21 3
28 3
10 29
-25 -19
-25 -2
-9 -24
3 6
-23 -28
20 -6
-24 -28
15 3
-1 17
11 25
-20 10
11 17
8 18
-21 -7
-12 -25
-12 -28
17 14
2 -30
-8 -24
-26 19
-19 0
30 -23
-4 -17
19 9
21 15
16 -6
17 30
19 -27
-2 -11
12 -24
29 27
-8 -21
-2 4
-13 -24
-17 21
-8 17
4 2
-18 3
18 -11
1 3
0 -30
30 -8
-17 22
4 -3
20 22
-14 18
20 -24
20 9
-4 -7
15 -27
-25 -10
23 -30
-28 -4
25 -7
-7 2
-1 -11
-1 -20
-19 -7
-11 20
15 -4
7 5
-6 24
-10 19
10 20
-17 10
13 -30
2 -8
-4 23
13 18
-21 -6
3 -19
-30 -9
28 4
-10 10
-14 -26
-1 23
-10 -6
3 8
7 8
15 -2
21 22
-26 -2
16 28
1 24
-6 -15
-21 11
24 26
26 -27
2 25
-8 -13
13 11
13 5
20 24
-7 -17
2 -9
-16 -14
27 3
0 14
19 22
18 25
-28 13
24 14
13 6
-24 -23
-27 28
-19 6
14 -17
-19 -8
-3 -2
-4 -6
-10 -16
-23 -4
-19 -1
-23 -15
-18 -9
-13 16
1 -20
-13 27
30 8
-30 -28
24 -6
13 23
18 -8
3 -12
18 -2
3 12
-14 -6
27 13
-24 -14
9 -2
-22 23
22 -24
8 3
-16 -19
0 15
29 -8
-8 -10
17 -9
-15 -10
-26 -8
7 -16
-13 15
28 2
10 -28
10 21
6 -1
-22 -29
-10 -15
-21 14
30 1
10 -20
1 -15
4 -25
29 -10
2 -7
8 5
24 -14
-28 24
3 3
-22 -26
29 -17
8 -4
-7 13
29 -6
14 13
-7 -5
-17 21
30 -26
14 13
-6 8
23 16
2 -15
19 -18
12 -26
7 -8
30 -14
-23 -5
1 -4
-13 -5
-7 -5
0 30
6 -26
-14 19
