85
100 1 35
-96 -1 34
128 -35
105 53
102 -47
53 -13
90 37
65 42
127 -23
59 29
91 39
80 -28
66 18
112 44
66 -12
139 -16
126 44
85 -52
103 45
90 51
115 -51
66 25
90 -46
71 -30
139 -20
64 -2
46 -7
142 -1
139 28
108 39
73 29
56 11
58 6
93 46
61 9
63 -13
130 -30
124 -25
138 35
49 6
67 26
86 34
115 -33
115 50
53 -6
128 22
131 25
106 -37
78 42
130 39
110 39
46 4
54 7
131 39
59 3
145 10
131 -32
141 -26
121 36
58 -20
148 10
100 46
60 -6
140 11
65 -23
75 34
143 -2
137 -30
53 -5
99 -51
65 28
117 39
102 -50
150 -5
61 9
47 17
84 -41
47 1
117 41
62 21
99 -54
69 -27
142 -6
58 34
113 51
83 -48
128 34
-103 39
-134 -9
-131 23
-46 -9
-88 35
-66 44
-45 -1
-78 32
-130 -28
-111 30
-127 30
-54 5
-101 33
-94 36
-69 28
-123 40
-74 30
-64 -41
-60 -36
-64 -15
-126 19
-63 -40
-132 -15
-115 36
-113 -34
-50 -26
-53 -32
-130 -42
-92 47
-131 -35
-67 22
-136 -5
-57 -24
-102 -41
-129 27
-138 -3
-141 -29
-50 -27
-142 -7
-55 6
-123 28
-97 43
-56 -33
-51 27
-127 -21
-138 -18
-82 31
-104 47
-74 25
-59 -13
-75 -43
-52 -4
-71 31
-58 -21
-49 -5
-54 21
-147 -10
-138 -24
-139 -12
-74 29
-87 -49
-91 52
-89 33
-134 -24
-53 -2
-60 -19
-125 -31
-63 -18
-73 47
-103 -49
-63 34
-88 49
-118 26
-86 -34
-136 -8
-138 32
-62 -35
-99 -48
-119 -43
-62 -34
-54 18
-66 -24
-63 26
-141 8
-122 -25
