88
100 -2 39
-97 1 32
65 21
56 -9
61 23
118 -40
152 -3
79 -45
78 -41
119 -39
144 -12
125 -55
89 -54
80 38
63 -43
151 15
84 -41
78 45
140 12
95 -42
73 -40
110 -60
137 -47
56 24
56 -15
75 42
136 -22
41 -9
69 -51
157 -7
131 26
136 -22
85 45
60 -11
45 -22
55 -30
72 38
108 -43
140 34
148 2
51 8
89 42
52 -8
132 47
148 14
55 33
69 -34
88 48
124 -43
139 41
155 5
108 50
56 -31
87 -54
151 -4
48 -16
104 -59
53 20
145 14
45 -12
48 22
68 -34
131 28
111 37
128 26
156 -17
79 -36
145 24
80 40
45 -13
63 -38
149 10
76 36
138 -17
128 -33
48 26
79 -37
155 2
85 47
93 48
84 -55
82 -50
81 -37
53 -20
75 42
64 30
103 43
130 44
113 47
139 22
-61 33
-123 -27
-111 -29
-106 -43
-141 19
-63 -13
-129 27
-100 38
-89 -40
-59 -12
-120 -31
-78 -45
-59 -6
-140 7
-78 39
-71 26
-80 30
-90 -47
-83 -33
-92 42
-109 46
-106 -38
-112 42
-77 -42
-106 -30
-60 16
-100 -36
-81 -34
-113 -28
-97 33
-104 -36
-106 33
-58 16
-80 37
-131 34
-64 41
-123 27
-67 28
-148 -7
-99 41
-132 17
-69 -20
-73 -31
-147 0
-63 10
-136 0
-123 36
-100 -35
-131 -5
-49 -20
-135 19
-63 40
-135 22
-139 8
-129 -18
-67 21
-137 -2
-62 -17
-56 10
-70 22
-68 32
-123 38
-51 26
-102 36
-131 -8
-136 2
-140 20
-49 -17
-134 0
-121 -38
-81 -29
-64 11
-80 -46
-85 -29
-131 -9
-78 -26
-55 32
-59 8
-116 -37
-118 -25
-128 -19
-127 -17
-69 22
-130 34
-86 -40
-52 -10
-134 -3
-133 -9
