84
102 3 46
-99 0 43
-124 -55
-123 -53
-146 29
-43 -19
-78 40
-132 -33
-155 4
-147 -39
-64 50
-77 -43
-85 59
-146 -27
-145 27
-83 -44
-108 44
-154 0
-104 -43
-137 -33
-86 56
-128 -51
-47 12
-42 13
-94 46
-87 42
-54 -9
-74 42
-56 0
-160 -10
-84 -60
-49 -6
-42 -17
-143 26
-70 40
-53 16
-89 -48
-141 18
-144 -17
-105 43
-125 -47
-153 -3
-41 26
-54 -10
-95 -44
-88 -55
-74 45
-52 41
-126 55
-45 3
-59 -25
-124 -53
-55 0
-115 -59
-43 -21
-98 53
-101 61
-92 -53
-50 27
-51 -15
-57 -41
-44 0
-156 -16
-152 6
-143 21
-134 27
-57 15
-153 -19
-69 -49
-121 51
-48 5
-129 52
-98 -50
-130 -47
-129 43
-76 44
-50 -38
-126 -35
-56 21
-50 -15
-68 38
-39 8
-38 -3
-154 20
-52 40
-47 9
84 -47
118 51
120 55
45 -9
84 55
50 37
147 49
148 20
155 26
151 -15
86 60
50 -13
150 0
46 17
64 35
65 51
75 45
158 20
126 48
135 49
54 -8
69 -43
41 -16
147 -13
158 -13
139 -26
55 7
51 13
144 24
153 11
71 42
118 -44
55 34
144 38
140 37
90 56
144 50
150 -23
135 45
136 56
142 -24
47 -19
154 -24
159 32
57 -29
79 60
127 45
53 -1
37 17
53 26
94 54
60 36
102 58
137 43
163 16
51 -23
96 -58
145 -15
55 8
152 -12
82 58
95 67
57 29
83 50
158 -17
68 -48
114 48
55 -15
60 -21
101 54
146 23
87 -60
69 -34
105 65
49 -32
147 -42
98 56
156 15
77 48
155 29
132 42
44 -10
67 -50
69 -40
