35
763 -180 25
405 -60 16
-401 -81
864 438
697 -456
79 27
-887 -799
-271 142
983 598
699 160
-409 -466
642 -616
-837 946
-438 -883
392 318
-345 780
223 553
-257 859
-305 93
997 -848
-509 -511
-123 -210
351 107
-812 -137
484 250
391 954
-404 93
-288 -975
812 550
101 818
724 296
36 -776
-934 -592
-917 575
826 57
-106 462
988 -396
-419 357
286 -215
-155 -780
-75 -383
-935 681
-527 983
614 340
-569 497
139 249
-130 -641
-895 -239
-902 681
638 -146
-565 975
-375 -500
5 191
-918 784
36 443
593 -977
846 335
-457 38
95 -624
-585 290
-932 -465
-386 -644
-571 358
859 -317
693 400
228 955
-972 356
-539 -50
637 68
-312 -492
-826 372
643 23
