98
631 422 1
-825 620 46
70 4
-915 752
-276 -402
348 446
-966 -902
539 -440
146 -331
145 980
489 118
593 -829
-13 -187
-553 -758
194 -997
-50 985
-851 534
984 -417
-633 -745
939 994
935 -314
-451 -446
780 -474
255 378
773 776
912 -465
957 695
-998 -992
77 -399
-576 -981
57 216
-240 -737
195 300
880 -677
581 -490
100 231
315 -163
409 -72
577 -236
645 5
328 -330
608 -365
680 838
-336 131
-201 725
574 812
-801 98
-91 -492
-793 920
930 958
-478 -825
632 -723
-107 -668
87 602
989 385
-899 784
589 -554
868 468
286 -488
-537 -774
-98 -533
365 -165
358 392
-46 370
-612 -398
-257 -756
180 -178
-62 487
-852 -711
950 -84
-581 -679
-552 -464
748 -65
-495 -158
-195 -649
-892 10
23 275
-267 -39
-522 740
-264 722
942 148
-765 110
-609 -765
921 219
797 -951
473 591
391 382
178 -812
177 -28
-83 733
-928 -256
430 -588
-972 -459
258 437
-647 -994
-223 -248
241 474
728 -746
-187 -734
682 -112
-458 892
955 -938
470 -59
647 -748
-281 -869
462 356
-266 31
773 634
-428 512
164 155
-962 -215
-158 -67
-47 -722
307 18
-107 279
151 -1
153 132
-120 327
897 66
-694 -584
89 -73
907 -758
-513 -747
473 -321
-558 138
-186 -547
996 -613
-973 350
-424 126
-541 -58
-711 642
606 296
-954 530
322 724
627 -96
806 -646
923 399
-707 803
191 -2
-413 -407
568 -61
161 822
134 -384
-126 -50
76 922
-790 814
-28 -956
95 -49
723 -11
-118 -576
-760 -381
-978 -177
-210 576
290 641
69 13
-695 566
491 160
519 342
751 79
322 10
625 698
996 128
-393 762
-511 744
73 -839
278 -81
-909 -94
-796 7
-248 880
-233 -117
151 -681
951 -571
-343 69
711 -255
-495 322
-170 354
954 -567
-552 -732
-210 -263
430 614
329 -715
-762 909
4 186
-244 925
-48 391
-224 -818
826 841
283 -608
-238 363
-165 697
-869 -69
-759 538
-202 542
-312 864
-615 4
755 54
6 842
754 -984
