88
-981 -611 19
668 -886 47
472 518
-542 -575
35 -119
66 -37
820 577
233 617
-975 -217
-686 -464
-597 -921
-388 815
418 126
-557 479
-815 -626
-669 -619
-490 -910
-473 370
517 794
-543 -380
39 715
153 -310
138 998
-795 -481
989 414
-930 -576
-278 184
-823 585
334 433
406 -609
15 793
533 342
550 267
-667 141
-554 204
372 -721
562 -383
656 -592
344 267
-625 299
380 -617
-241 852
669 -333
-401 55
-661 306
-212 492
-418 156
337 455
-223 -259
722 -930
-238 726
-120 4
-772 -703
531 -619
24 -456
-280 412
-230 83
149 -368
287 -924
112 203
793 6
113 -787
874 -668
-377 -811
-65 -196
-911 -296
-492 -462
56 -314
138 -927
648 870
36 675
-735 -935
-82 530
-365 649
992 -202
798 -915
-180 96
-725 525
-738 -547
-630 516
27 859
-432 -382
-594 627
-167 912
-71 -162
841 -844
664 -168
610 -318
967 167
-599 -850
-714 -686
400 372
-295 -84
-870 348
255 -913
837 -92
342 16
-918 518
81 -706
972 438
754 -884
-917 -65
-980 1000
999 -827
127 -808
-469 -375
22 -483
-736 168
-601 -790
669 805
654 280
-512 371
-269 -402
231 -213
871 733
431 -245
-143 -930
-667 41
927 -723
908 758
805 -654
-98 108
-102 -921
-253 735
123 -700
717 407
521 383
-863 -497
470 -696
418 195
652 -14
938 762
384 -674
824 -894
-587 -841
496 -292
159 -880
-842 -542
828 77
-429 799
568 -507
651 442
-12 -375
-185 662
223 952
731 -618
910 550
-863 -481
-684 971
-679 -825
-648 -503
-309 418
665 942
135 719
504 251
-867 -879
-758 -399
625 -862
-68 879
526 235
317 -417
-957 -259
-427 -319
604 -487
666 796
-394 -409
630 -795
-917 528
-808 370
523 341
619 -885
669 -521
529 1
871 -276
10 -354
266 -851
-540 -303
-792 860
