95
216 930 32
638 41 28
517 245
-811 -915
666 255
-388 -1
-206 -248
632 -815
800 -659
-592 794
288 -289
-935 -259
664 540
443 15
724 499
64 418
-143 -418
-917 890
987 -342
-391 909
-661 422
357 -818
3 342
957 -577
86 708
895 -355
-660 -222
-606 977
839 -591
-166 421
327 -184
195 192
-390 -14
-952 -281
805 -89
-567 -892
-687 792
-973 721
393 811
502 -525
108 -834
97 958
-978 15
210 984
528 -227
459 104
-370 778
-64 156
-479 558
-266 862
-201 -847
650 -510
-729 -270
-279 -557
317 -991
-51 -927
-994 -16
-527 378
-632 488
-136 314
868 265
753 389
205 776
-775 -827
-73 -683
400 -533
947 316
-891 -924
980 -177
-605 -695
-255 507
-5 -420
734 821
330 -710
750 -842
544 733
710 816
696 -708
-782 620
-800 101
-428 -890
108 -441
190 998
238 -374
814 705
-823 -539
-226 -705
980 450
-52 -908
628 -269
73 -39
500 -481
-497 -471
602 437
-889 756
-99 -385
-90 -694
366 -334
-29 239
-126 -835
675 713
-581 895
557 517
296 -156
923 737
-583 278
480 -24
-216 -868
-575 866
-205 282
733 938
-537 882
167 877
-782 -912
515 679
45 527
-184 -358
-813 199
899 510
180 922
-413 -525
345 164
-310 453
-32 -831
743 90
-43 760
-794 654
380 230
-67 969
-703 90
-621 -559
485 955
-921 877
-109 -477
-998 -712
-877 573
-205 -125
391 202
423 22
224 880
295 -876
761 -14
-644 426
-341 -560
391 -60
160 -62
666 788
190 -867
558 -43
-500 813
405 487
-186 678
-471 652
874 -511
-723 -549
-765 -543
261 859
88 -576
136 -941
-921 -784
-675 703
-901 -568
472 -464
-119 802
565 341
-745 -740
-467 185
-858 535
801 690
20 -118
567 213
-42 -761
-169 -217
22 630
457 421
591 149
449 31
-91 915
-459 587
598 833
789 62
960 757
551 437
-12 -283
-942 228
472 -392
371 -66
-308 -279
-837 74
-809 89
913 -868
-285 -8
