43
-98 618 3
-558 938 19
-184 513
-511 -215
0 690
618 997
818 -803
-42 390
-469 7
770 -906
222 -641
-573 452
114 262
837 -906
402 -871
655 -760
486 -955
-461 -471
-597 250
429 -843
327 898
529 765
68 27
-9 -858
395 837
883 745
156 119
252 -330
989 37
-861 -484
425 -920
838 -388
823 65
983 -468
17 -659
-969 245
-795 630
354 -26
303 384
257 -815
187 -274
99 -350
-20 -881
-824 -668
-785 304
717 959
-71 624
837 647
75 -770
-695 275
-420 -16
-906 146
-255 -897
-940 518
870 18
52 -141
-562 42
899 912
950 -260
-408 -556
-681 755
735 -537
852 683
105 790
-138 -90
-778 -539
49 958
654 254
289 -500
985 -942
-220 870
117 -942
-28 725
853 -257
-133 -439
906 -642
-904 857
873 592
587 749
385 -724
-295 520
815 -910
-429 89
-589 855
641 -349
-170 -906
-271 -347
619 -184
