90
29 74 28
-28 -802 4
-595 -688
114 104
-662 -925
-395 -263
409 605
369 -934
464 422
493 269
-238 176
595 507
733 -955
-717 -316
168 -839
624 -366
427 -325
295 -384
977 234
-294 -804
-901 245
-713 -572
12 345
-218 -399
-573 970
-848 826
813 852
-910 -870
-503 -579
-949 252
559 -698
-370 -744
-428 -690
-515 -799
128 -750
598 -482
449 -587
326 305
22 -470
-609 434
453 -384
-629 -867
954 -277
-277 705
-727 982
758 720
268 456
340 -971
521 -518
-4 593
112 917
7 784
534 160
212 -600
-904 -187
-731 642
-56 191
753 648
915 -118
-282 944
-564 848
-185 629
490 61
-679 843
506 73
943 -489
228 867
263 961
-136 -827
866 222
-370 -839
-437 -483
-610 -268
605 456
339 328
914 752
-201 -989
-906 749
-833 -721
271 262
106 783
-889 832
-161 813
129 -128
789 -451
161 -341
411 825
293 -98
-809 -287
263 407
-565 697
-187 714
-547 -320
-639 725
981 903
719 264
41 878
26 -453
-102 -974
431 -685
-153 -961
927 -765
-396 422
-602 283
-593 -18
65 -60
294 -549
237 707
-562 571
-162 -648
-383 817
-279 50
562 166
-868 597
-829 257
-488 -805
-724 -736
385 -653
102 833
-508 -312
373 -556
-548 -316
590 -283
-147 -942
277 -12
574 24
107 -850
742 104
921 -527
620 -22
-553 166
-891 897
-504 -29
-782 703
-761 -454
222 -483
481 770
-750 -247
831 813
169 -145
-257 -462
-23 179
-60 -734
-125 752
312 -526
-822 772
-670 328
510 -523
-185 -651
-925 397
-884 337
506 -247
819 255
678 -302
-193 -658
-411 -576
559 -650
480 -680
-13 152
608 423
127 504
107 -970
-151 -310
-868 -337
616 927
627 151
-819 -265
876 654
-623 544
968 670
275 -4
-11 -861
-572 724
777 780
-198 275
664 -941
41 -531
-776 -104
-519 856
477 608
-263 543
-504 -189
