94
286 755 7
-281 51 39
813 -253
-214 988
-831 743
249 -850
-763 318
-574 -647
920 -567
413 -24
938 -595
-101 254
-47 540
930 638
550 -55
959 -216
589 614
-447 -506
-749 -500
-521 581
-138 -290
496 -808
290 502
117 -939
-7 -313
303 131
841 -593
-910 -786
224 -276
-367 904
182 -817
183 422
581 626
-887 -156
507 -54
-217 675
700 -582
-361 434
754 589
-478 10
490 -542
785 788
774 -338
-32 217
-536 -830
292 549
-216 -19
81 265
-896 -265
397 535
-201 637
863 -513
-4 -524
-224 538
-910 538
-222 159
-829 923
-516 274
-363 717
-249 -288
387 -190
-512 303
282 597
-710 -153
-612 -509
202 788
-924 -891
-694 404
-466 -216
646 -161
763 994
-51 -551
506 -880
-334 657
-152 -628
327 822
-315 982
991 851
213 -697
-948 195
-919 -925
303 -838
446 816
-872 -900
896 -416
754 718
150 -998
363 -226
-802 654
482 695
627 287
53 32
-584 371
-362 -171
946 -301
-472 172
-735 -639
-502 178
-939 716
-729 789
-893 -166
723 638
-222 -652
526 80
166 -685
774 -629
407 -579
431 -400
-190 836
672 818
830 -267
-355 -585
-256 664
-192 134
87 0
-447 13
-394 -905
-102 673
389 -680
-790 195
-593 206
-619 962
452 -795
593 558
76 347
891 -578
-650 -972
833 532
-238 -130
-765 -616
139 -849
-985 -657
-219 -299
-873 118
734 -557
764 -546
-630 -470
284 -100
-132 548
-747 -742
869 261
-248 366
864 -271
904 762
547 -655
-707 536
228 819
816 860
-50 -343
1 -159
-801 663
-745 -752
-652 -407
-322 746
-605 754
664 -292
-854 -727
152 820
953 -72
-11 -439
-87 -606
-289 -437
587 563
-713 -402
-871 -172
178 947
180 15
-14 190
-746 476
1000 663
-390 -828
-93 -474
630 545
-661 576
843 -306
-916 395
896 843
-947 519
-714 -772
225 462
-312 -50
176 195
-143 -700
523 688
-740 235
36 -797
-546 -80
-142 54
96 -183
-155 848
