41
337 -329 9
-396 962 30
156 486
-245 163
-342 -65
-555 900
825 860
891 -599
409 774
849 87
-731 23
913 -21
359 706
585 737
-275 -379
492 -225
-995 718
-84 -490
-20 559
671 -954
614 -256
-452 -221
586 49
286 -165
933 -511
763 407
-718 -815
-532 -287
862 705
-813 -378
-332 -695
-849 -76
-946 -578
444 493
-655 418
606 62
82 -164
-854 -707
-736 382
-845 671
265 650
-851 -665
-628 185
-560 -654
-200 -920
-140 637
993 473
-46 480
-170 779
-478 -154
-887 649
683 39
-731 -914
822 -683
-926 -597
-770 -198
-406 911
622 654
-3 -186
472 74
19 602
-170 820
561 -520
-30 -37
-306 -1
-801 314
823 700
-550 -159
689 -367
761 680
-276 -365
299 79
-216 -276
-124 866
123 599
-455 44
-63 -383
-986 -979
582 -285
-535 744
17 258
745 232
-331 -26
264 347
