59
-997 -996 1
990 991 1
-353 -384
290 377
572 622
-251 299
-73 -963
-501 -440
-188 -394
678 572
-609 -29
-53 628
-523 -22
106 -355
104 -884
83 -736
-599 -777
-462 675
502 440
-54 -689
-822 -489
-310 152
284 -303
705 -468
259 -964
543 30
759 -806
-500 969
439 -506
681 145
592 -230
-493 -255
-491 -473
967 -855
2 -473
-251 743
156 -681
377 -609
369 510
59 355
-477 740
-591 -16
-523 469
-596 292
-605 -318
-792 827
970 114
800 576
574 623
-310 363
470 -236
774 43
686 -483
-836 -571
-94 279
-152 -732
-838 -500
-479 776
682 -49
332 574
101 -70
591 -672
-755 43
-432 -390
671 -482
290 -813
180 881
-312 -529
684 -647
632 -797
-534 -108
441 753
88 465
934 -600
-573 465
301 600
-526 811
343 -665
822 -544
971 68
176 -592
500 -418
-781 -423
-664 -150
149 645
466 -262
-820 -545
-895 -35
-559 -683
386 17
-994 -395
-56 814
141 -841
-258 -881
859 -842
600 -880
-879 19
762 714
961 -273
288 -508
880 42
-695 -768
-820 477
701 348
767 -943
136 -301
-852 -693
-244 -971
-634 -236
-506 -917
-160 641
112 497
-21 -226
-474 -806
-671 207
829 661
788 -342
-769 90
-314 -524
-489 -956
