39
-998 -993 1
996 1000 1
461 208
-403 -469
-159 885
-549 886
205 -830
40 -765
-516 17
75 640
-507 987
-999 859
-9 -230
-520 -132
-688 163
-529 755
-485 -400
-561 569
286 -922
506 583
-143 -8
670 -150
743 963
-828 19
-531 -960
166 -383
22 715
880 -302
-481 -510
-64 -462
-14 681
607 141
-401 829
570 989
377 834
-141 -783
702 916
969 -984
354 -330
370 435
-343 764
63 -228
-916 -713
-89 -414
155 75
-916 665
562 724
-102 939
628 388
892 883
-585 819
-501 468
265 342
-265 -653
-155 -242
-574 677
614 -71
405 777
-790 -126
-415 194
-992 444
-687 -824
260 -408
-858 522
513 -649
-350 -224
-883 -95
342 334
-85 -25
-401 997
49 -441
-882 -4
405 -455
615 252
869 -742
-953 -915
-993 -125
520 534
372 -659
-497 -409
